"Bp" "Int" "Split" "Bp_per_contig" "Per_Site_Mut_Rate" "Per_Site_Recomb_Rate" "Pop_Dynamics_Type" "Error"
"1" 1e+07 10 1024 9766 0.006513 0.006513 "constantPop" 4.07250304569543
"2" 1e+07 10 128 78125 0.006513 0.006513 "constantPop" 3.59641971374442
"3" 1e+07 10 16 625000 0.006513 0.006513 "constantPop" 3.57219207778242
"4" 1e+07 10 1 1e+07 0.006513 0.006513 "constantPop" 3.55288137893945
"5" 1e+07 10 256 39063 0.006513 0.006513 "constantPop" 3.65436578709279
"6" 1e+07 10 2 5e+06 0.006513 0.006513 "constantPop" 3.5557828024629
"7" 1e+07 10 32 312500 0.006513 0.006513 "constantPop" 3.60730276301407
"8" 1e+07 10 4 2500000 0.006513 0.006513 "constantPop" 3.55832165894736
"9" 1e+07 10 512 19532 0.006513 0.006513 "constantPop" 3.80506617966855
"10" 1e+07 10 64 156250 0.006513 0.006513 "constantPop" 3.67317446747007
"11" 1e+07 10 8 1250000 0.006513 0.006513 "constantPop" 3.57277740520075
"12" 1e+07 20 1024 9766 0.006513 0.006513 "constantPop" 3.78112831517081
"13" 1e+07 20 128 78125 0.006513 0.006513 "constantPop" 3.65292590943897
"14" 1e+07 20 16 625000 0.006513 0.006513 "constantPop" 3.63690072279666
"15" 1e+07 20 1 1e+07 0.006513 0.006513 "constantPop" 3.62557163038995
"16" 1e+07 20 256 39063 0.006513 0.006513 "constantPop" 3.65099640207351
"17" 1e+07 20 2 5e+06 0.006513 0.006513 "constantPop" 3.62932809017312
"18" 1e+07 20 32 312500 0.006513 0.006513 "constantPop" 3.59540331795602
"19" 1e+07 20 4 2500000 0.006513 0.006513 "constantPop" 3.63371089700995
"20" 1e+07 20 512 19532 0.006513 0.006513 "constantPop" 3.68456901860057
"21" 1e+07 20 64 156250 0.006513 0.006513 "constantPop" 3.63701974290016
"22" 1e+07 20 8 1250000 0.006513 0.006513 "constantPop" 3.63380912089141
"23" 1e+07 30 1024 9766 0.006513 0.006513 "constantPop" 2.28328583209938
"24" 1e+07 30 128 78125 0.006513 0.006513 "constantPop" 3.31214306839411
"25" 1e+07 30 16 625000 0.006513 0.006513 "constantPop" 3.2395060827612
"26" 1e+07 30 1 1e+07 0.006513 0.006513 "constantPop" 3.194671571265
"27" 1e+07 30 256 39063 0.006513 0.006513 "constantPop" 3.12303630636769
"28" 1e+07 30 2 5e+06 0.006513 0.006513 "constantPop" 3.19370670525574
"29" 1e+07 30 32 312500 0.006513 0.006513 "constantPop" 3.23992585565405
"30" 1e+07 30 4 2500000 0.006513 0.006513 "constantPop" 3.19852917342966
"31" 1e+07 30 512 19532 0.006513 0.006513 "constantPop" 2.81350294150394
"32" 1e+07 30 64 156250 0.006513 0.006513 "constantPop" 3.31334984447335
"33" 1e+07 30 8 1250000 0.006513 0.006513 "constantPop" 3.20836143059867
"34" 1e+07 40 1024 9766 0.006513 0.006513 "constantPop" 3.52340553018609
"35" 1e+07 40 128 78125 0.006513 0.006513 "constantPop" 3.46116194170876
"36" 1e+07 40 16 625000 0.006513 0.006513 "constantPop" 3.47439629840489
"37" 1e+07 40 1 1e+07 0.006513 0.006513 "constantPop" 3.4750047758783
"38" 1e+07 40 256 39063 0.006513 0.006513 "constantPop" 3.39543175847224
"39" 1e+07 40 2 5e+06 0.006513 0.006513 "constantPop" 3.4554804412553
"40" 1e+07 40 32 312500 0.006513 0.006513 "constantPop" 3.45582148545756
"41" 1e+07 40 4 2500000 0.006513 0.006513 "constantPop" 3.4652991005192
"42" 1e+07 40 512 19532 0.006513 0.006513 "constantPop" 3.47366646722748
"43" 1e+07 40 64 156250 0.006513 0.006513 "constantPop" 3.45828139674896
"44" 1e+07 40 8 1250000 0.006513 0.006513 "constantPop" 3.47156851375961
"45" 1e+06 10 1024 977 0.06513 0.06513 "constantPop" 3.76597298480434
"46" 1e+06 10 128 7813 0.06513 0.06513 "constantPop" 3.76597298480434
"47" 1e+06 10 16 62500 0.06513 0.06513 "constantPop" 3.76597298480434
"48" 1e+06 10 1 1e+06 0.06513 0.06513 "constantPop" 3.76597298480434
"49" 1e+06 10 256 3907 0.06513 0.06513 "constantPop" 3.76597298480434
"50" 1e+06 10 2 5e+05 0.06513 0.06513 "constantPop" 3.76597298480434
"51" 1e+06 10 32 31250 0.06513 0.06513 "constantPop" 3.76597298480434
"52" 1e+06 10 4 250000 0.06513 0.06513 "constantPop" 3.76597298480434
"53" 1e+06 10 512 1954 0.06513 0.06513 "constantPop" 3.76597298480434
"54" 1e+06 10 64 15625 0.06513 0.06513 "constantPop" 3.76597298480434
"55" 1e+06 10 8 125000 0.06513 0.06513 "constantPop" 3.76597298480434
"56" 1e+06 20 1024 977 0.06513 0.06513 "constantPop" 3.76597298480434
"57" 1e+06 20 128 7813 0.06513 0.06513 "constantPop" 3.76597298480434
"58" 1e+06 20 16 62500 0.06513 0.06513 "constantPop" 3.76597298480434
"59" 1e+06 20 1 1e+06 0.06513 0.06513 "constantPop" 3.76597298480434
"60" 1e+06 20 256 3907 0.06513 0.06513 "constantPop" 3.76597298480434
"61" 1e+06 20 2 5e+05 0.06513 0.06513 "constantPop" 3.76597298480434
"62" 1e+06 20 32 31250 0.06513 0.06513 "constantPop" 3.76597298480434
"63" 1e+06 20 4 250000 0.06513 0.06513 "constantPop" 3.76597298480434
"64" 1e+06 20 512 1954 0.06513 0.06513 "constantPop" 3.76597298480434
"65" 1e+06 20 64 15625 0.06513 0.06513 "constantPop" 3.76597298480434
"66" 1e+06 20 8 125000 0.06513 0.06513 "constantPop" 3.76597298480434
"67" 1e+06 30 1024 977 0.06513 0.06513 "constantPop" 3.76597298480434
"68" 1e+06 30 128 7813 0.06513 0.06513 "constantPop" 3.76597298480434
"69" 1e+06 30 16 62500 0.06513 0.06513 "constantPop" 3.76597298480434
"70" 1e+06 30 1 1e+06 0.06513 0.06513 "constantPop" 3.76597298480434
"71" 1e+06 30 256 3907 0.06513 0.06513 "constantPop" 3.76597298480434
"72" 1e+06 30 2 5e+05 0.06513 0.06513 "constantPop" 3.76597298480434
"73" 1e+06 30 32 31250 0.06513 0.06513 "constantPop" 3.76597298480434
"74" 1e+06 30 4 250000 0.06513 0.06513 "constantPop" 3.76597298480434
"75" 1e+06 30 512 1954 0.06513 0.06513 "constantPop" 3.76597298480434
"76" 1e+06 30 64 15625 0.06513 0.06513 "constantPop" 3.76597298480434
"77" 1e+06 30 8 125000 0.06513 0.06513 "constantPop" 3.76597298480434
"78" 1e+06 40 1024 977 0.06513 0.06513 "constantPop" 3.76597298480434
"79" 1e+06 40 128 7813 0.06513 0.06513 "constantPop" 3.76597298480434
"80" 1e+06 40 16 62500 0.06513 0.06513 "constantPop" 3.76597298480434
"81" 1e+06 40 1 1e+06 0.06513 0.06513 "constantPop" 3.76597298480434
"82" 1e+06 40 256 3907 0.06513 0.06513 "constantPop" 3.76597298480434
"83" 1e+06 40 2 5e+05 0.06513 0.06513 "constantPop" 3.76597298480434
"84" 1e+06 40 32 31250 0.06513 0.06513 "constantPop" 3.76597298480434
"85" 1e+06 40 4 250000 0.06513 0.06513 "constantPop" 3.76597298480434
"86" 1e+06 40 512 1954 0.06513 0.06513 "constantPop" 3.76597298480434
"87" 1e+06 40 64 15625 0.06513 0.06513 "constantPop" 3.76597298480434
"88" 1e+06 40 8 125000 0.06513 0.06513 "constantPop" 3.76597298480434
"89" 1e+05 10 1024 98 0.6513 0.6513 "constantPop" 3.76597298480434
"90" 1e+05 10 128 782 0.6513 0.6513 "constantPop" 3.76597298480434
"91" 1e+05 10 16 6250 0.6513 0.6513 "constantPop" 3.76597298480434
"92" 1e+05 10 1 1e+05 0.6513 0.6513 "constantPop" 3.76597298480434
"93" 1e+05 10 256 391 0.6513 0.6513 "constantPop" 3.76597298480434
"94" 1e+05 10 2 50000 0.6513 0.6513 "constantPop" 3.76597298480434
"95" 1e+05 10 32 3125 0.6513 0.6513 "constantPop" 3.76597298480434
"96" 1e+05 10 4 25000 0.6513 0.6513 "constantPop" 3.76597298480434
"97" 1e+05 10 512 196 0.6513 0.6513 "constantPop" 3.76597298480434
"98" 1e+05 10 64 1563 0.6513 0.6513 "constantPop" 3.76597298480434
"99" 1e+05 10 8 12500 0.6513 0.6513 "constantPop" 3.76597298480434
"100" 1e+05 20 1024 98 0.6513 0.6513 "constantPop" 3.76597298480434
"101" 1e+05 20 128 782 0.6513 0.6513 "constantPop" 3.76597298480434
"102" 1e+05 20 16 6250 0.6513 0.6513 "constantPop" 3.76597298480434
"103" 1e+05 20 1 1e+05 0.6513 0.6513 "constantPop" 3.76597298480434
"104" 1e+05 20 256 391 0.6513 0.6513 "constantPop" 3.76597298480434
"105" 1e+05 20 2 50000 0.6513 0.6513 "constantPop" 3.76597298480434
"106" 1e+05 20 32 3125 0.6513 0.6513 "constantPop" 3.76597298480434
"107" 1e+05 20 4 25000 0.6513 0.6513 "constantPop" 3.76597298480434
"108" 1e+05 20 512 196 0.6513 0.6513 "constantPop" 3.76597298480434
"109" 1e+05 20 64 1563 0.6513 0.6513 "constantPop" 3.76597298480434
"110" 1e+05 20 8 12500 0.6513 0.6513 "constantPop" 3.76597298480434
"111" 1e+05 30 1024 98 0.6513 0.6513 "constantPop" 7034641.26265471
"112" 1e+05 30 128 782 0.6513 0.6513 "constantPop" 7034641.26265471
"113" 1e+05 30 16 6250 0.6513 0.6513 "constantPop" 7034641.26265471
"114" 1e+05 30 1 1e+05 0.6513 0.6513 "constantPop" 33888782.7486869
"115" 1e+05 30 256 391 0.6513 0.6513 "constantPop" 7034641.26265471
"116" 1e+05 30 2 50000 0.6513 0.6513 "constantPop" 126204491.3951
"117" 1e+05 30 32 3125 0.6513 0.6513 "constantPop" 7034641.26265471
"118" 1e+05 30 4 25000 0.6513 0.6513 "constantPop" 59075723.8281681
"119" 1e+05 30 512 196 0.6513 0.6513 "constantPop" 7034641.26265471
"120" 1e+05 30 64 1563 0.6513 0.6513 "constantPop" 7034641.26265471
"121" 1e+05 30 8 12500 0.6513 0.6513 "constantPop" 57479107.3253707
"122" 1e+05 40 1024 98 0.6513 0.6513 "constantPop" 3.76597298480434
"123" 1e+05 40 128 782 0.6513 0.6513 "constantPop" 3.76597298480434
"124" 1e+05 40 16 6250 0.6513 0.6513 "constantPop" 3.76597298480434
"125" 1e+05 40 1 1e+05 0.6513 0.6513 "constantPop" 3.76597298480434
"126" 1e+05 40 256 391 0.6513 0.6513 "constantPop" 3.76597298480434
"127" 1e+05 40 2 50000 0.6513 0.6513 "constantPop" 3.76597298480434
"128" 1e+05 40 32 3125 0.6513 0.6513 "constantPop" 3.76597298480434
"129" 1e+05 40 4 25000 0.6513 0.6513 "constantPop" 3.76597298480434
"130" 1e+05 40 512 196 0.6513 0.6513 "constantPop" 3.76597298480434
"131" 1e+05 40 64 1563 0.6513 0.6513 "constantPop" 3.76597298480434
"132" 1e+05 40 8 12500 0.6513 0.6513 "constantPop" 3.76597298480434
"133" 2e+07 10 1024 19532 0.0032565 0.0032565 "constantPop" 3.99197558676543
"134" 2e+07 10 128 156250 0.0032565 0.0032565 "constantPop" 3.9372699928937
"135" 2e+07 10 16 1250000 0.0032565 0.0032565 "constantPop" 3.97363613518002
"136" 2e+07 10 1 2e+07 0.0032565 0.0032565 "constantPop" 3.95922040661148
"137" 2e+07 10 256 78125 0.0032565 0.0032565 "constantPop" 3.93133652826934
"138" 2e+07 10 2 1e+07 0.0032565 0.0032565 "constantPop" 3.96640259467344
"139" 2e+07 10 32 625000 0.0032565 0.0032565 "constantPop" 3.97195838414773
"140" 2e+07 10 4 5e+06 0.0032565 0.0032565 "constantPop" 3.96970435125688
"141" 2e+07 10 512 39063 0.0032565 0.0032565 "constantPop" 3.89470345013357
"142" 2e+07 10 64 312500 0.0032565 0.0032565 "constantPop" 3.96344655670844
"143" 2e+07 10 8 2500000 0.0032565 0.0032565 "constantPop" 3.97168651999009
"144" 2e+07 20 1024 19532 0.0032565 0.0032565 "constantPop" 3.78224949408117
"145" 2e+07 20 128 156250 0.0032565 0.0032565 "constantPop" 3.80805324641468
"146" 2e+07 20 16 1250000 0.0032565 0.0032565 "constantPop" 3.80473821871145
"147" 2e+07 20 1 2e+07 0.0032565 0.0032565 "constantPop" 3.78255852889629
"148" 2e+07 20 256 78125 0.0032565 0.0032565 "constantPop" 3.78631374302078
"149" 2e+07 20 2 1e+07 0.0032565 0.0032565 "constantPop" 3.78475098601155
"150" 2e+07 20 32 625000 0.0032565 0.0032565 "constantPop" 3.83864500909723
"151" 2e+07 20 4 5e+06 0.0032565 0.0032565 "constantPop" 3.79163499344791
"152" 2e+07 20 512 39063 0.0032565 0.0032565 "constantPop" 3.71118978723011
"153" 2e+07 20 64 312500 0.0032565 0.0032565 "constantPop" 3.78880083995709
"154" 2e+07 20 8 2500000 0.0032565 0.0032565 "constantPop" 3.79369460713667
"155" 2e+07 30 1024 19532 0.0032565 0.0032565 "constantPop" 3.45178121683536
"156" 2e+07 30 128 156250 0.0032565 0.0032565 "constantPop" 3.6898912703988
"157" 2e+07 30 16 1250000 0.0032565 0.0032565 "constantPop" 3.63461335989353
"158" 2e+07 30 1 2e+07 0.0032565 0.0032565 "constantPop" 3.62778817382742
"159" 2e+07 30 256 78125 0.0032565 0.0032565 "constantPop" 3.60814030589487
"160" 2e+07 30 2 1e+07 0.0032565 0.0032565 "constantPop" 3.62770105566622
"161" 2e+07 30 32 625000 0.0032565 0.0032565 "constantPop" 3.63937097640029
"162" 2e+07 30 4 5e+06 0.0032565 0.0032565 "constantPop" 3.63079322452693
"163" 2e+07 30 512 39063 0.0032565 0.0032565 "constantPop" 3.67755170590726
"164" 2e+07 30 64 312500 0.0032565 0.0032565 "constantPop" 3.63525553482084
"165" 2e+07 30 8 2500000 0.0032565 0.0032565 "constantPop" 3.63690087052659
"166" 2e+07 40 1024 19532 0.0032565 0.0032565 "constantPop" 3.92322929882603
"167" 2e+07 40 128 156250 0.0032565 0.0032565 "constantPop" 3.67874049065643
"168" 2e+07 40 16 1250000 0.0032565 0.0032565 "constantPop" 3.73248882762568
"169" 2e+07 40 1 2e+07 0.0032565 0.0032565 "constantPop" 3.71487720964075
"170" 2e+07 40 256 78125 0.0032565 0.0032565 "constantPop" 3.76680926303184
"171" 2e+07 40 2 1e+07 0.0032565 0.0032565 "constantPop" 3.71604251964513
"172" 2e+07 40 32 625000 0.0032565 0.0032565 "constantPop" 3.74319100266056
"173" 2e+07 40 4 5e+06 0.0032565 0.0032565 "constantPop" 3.71763168150495
"174" 2e+07 40 512 39063 0.0032565 0.0032565 "constantPop" 3.70841729206954
"175" 2e+07 40 64 312500 0.0032565 0.0032565 "constantPop" 3.68585186534595
"176" 2e+07 40 8 2500000 0.0032565 0.0032565 "constantPop" 3.72217877929713
"177" 5e+06 10 1024 4883 0.013026 0.013026 "constantPop" 3.76597298480434
"178" 5e+06 10 128 39063 0.013026 0.013026 "constantPop" 3.76597298480434
"179" 5e+06 10 16 312500 0.013026 0.013026 "constantPop" 3.76597298480434
"180" 5e+06 10 1 5e+06 0.013026 0.013026 "constantPop" 3.76597298480434
"181" 5e+06 10 256 19532 0.013026 0.013026 "constantPop" 3.76597298480434
"182" 5e+06 10 2 2500000 0.013026 0.013026 "constantPop" 3.76597298480434
"183" 5e+06 10 32 156250 0.013026 0.013026 "constantPop" 3.76597298480434
"184" 5e+06 10 4 1250000 0.013026 0.013026 "constantPop" 3.76597298480434
"185" 5e+06 10 512 9766 0.013026 0.013026 "constantPop" 3.76597298480434
"186" 5e+06 10 64 78125 0.013026 0.013026 "constantPop" 3.76597298480434
"187" 5e+06 10 8 625000 0.013026 0.013026 "constantPop" 3.76597298480434
"188" 5e+06 20 1024 4883 0.013026 0.013026 "constantPop" 3.76597298480434
"189" 5e+06 20 128 39063 0.013026 0.013026 "constantPop" 3.76597298480434
"190" 5e+06 20 16 312500 0.013026 0.013026 "constantPop" 3.76597298480434
"191" 5e+06 20 1 5e+06 0.013026 0.013026 "constantPop" 3.76597298480434
"192" 5e+06 20 256 19532 0.013026 0.013026 "constantPop" 3.76597298480434
"193" 5e+06 20 2 2500000 0.013026 0.013026 "constantPop" 3.76597298480434
"194" 5e+06 20 32 156250 0.013026 0.013026 "constantPop" 3.76597298480434
"195" 5e+06 20 4 1250000 0.013026 0.013026 "constantPop" 3.76597298480434
"196" 5e+06 20 512 9766 0.013026 0.013026 "constantPop" 3.76597298480434
"197" 5e+06 20 64 78125 0.013026 0.013026 "constantPop" 3.76597298480434
"198" 5e+06 20 8 625000 0.013026 0.013026 "constantPop" 3.76597298480434
"199" 5e+06 30 1024 4883 0.013026 0.013026 "constantPop" 3.76597298480434
"200" 5e+06 30 128 39063 0.013026 0.013026 "constantPop" 3.76597298480434
"201" 5e+06 30 16 312500 0.013026 0.013026 "constantPop" 3.76597298480434
"202" 5e+06 30 1 5e+06 0.013026 0.013026 "constantPop" 3.76597298480434
"203" 5e+06 30 256 19532 0.013026 0.013026 "constantPop" 3.76597298480434
"204" 5e+06 30 2 2500000 0.013026 0.013026 "constantPop" 3.76597298480434
"205" 5e+06 30 32 156250 0.013026 0.013026 "constantPop" 3.76597298480434
"206" 5e+06 30 4 1250000 0.013026 0.013026 "constantPop" 3.76597298480434
"207" 5e+06 30 512 9766 0.013026 0.013026 "constantPop" 3.76597298480434
"208" 5e+06 30 64 78125 0.013026 0.013026 "constantPop" 3.76597298480434
"209" 5e+06 30 8 625000 0.013026 0.013026 "constantPop" 3.76597298480434
"210" 5e+06 40 1024 4883 0.013026 0.013026 "constantPop" 3.76597298480434
"211" 5e+06 40 128 39063 0.013026 0.013026 "constantPop" 3.76597298480434
"212" 5e+06 40 16 312500 0.013026 0.013026 "constantPop" 3.76597298480434
"213" 5e+06 40 1 5e+06 0.013026 0.013026 "constantPop" 3.76597298480434
"214" 5e+06 40 256 19532 0.013026 0.013026 "constantPop" 3.76597298480434
"215" 5e+06 40 2 2500000 0.013026 0.013026 "constantPop" 3.76597298480434
"216" 5e+06 40 32 156250 0.013026 0.013026 "constantPop" 3.76597298480434
"217" 5e+06 40 4 1250000 0.013026 0.013026 "constantPop" 3.76597298480434
"218" 5e+06 40 512 9766 0.013026 0.013026 "constantPop" 3.76597298480434
"219" 5e+06 40 64 78125 0.013026 0.013026 "constantPop" 3.76597298480434
"220" 5e+06 40 8 625000 0.013026 0.013026 "constantPop" 3.76597298480434
"221" 5e+05 10 1024 489 0.13026 0.13026 "constantPop" 3.76597298480434
"222" 5e+05 10 128 3907 0.13026 0.13026 "constantPop" 3.76597298480434
"223" 5e+05 10 16 31250 0.13026 0.13026 "constantPop" 3.76597298480434
"224" 5e+05 10 1 5e+05 0.13026 0.13026 "constantPop" 3.76597298480434
"225" 5e+05 10 256 1954 0.13026 0.13026 "constantPop" 3.76597298480434
"226" 5e+05 10 2 250000 0.13026 0.13026 "constantPop" 3.76597298480434
"227" 5e+05 10 32 15625 0.13026 0.13026 "constantPop" 3.76597298480434
"228" 5e+05 10 4 125000 0.13026 0.13026 "constantPop" 3.76597298480434
"229" 5e+05 10 512 977 0.13026 0.13026 "constantPop" 3.76597298480434
"230" 5e+05 10 64 7813 0.13026 0.13026 "constantPop" 3.76597298480434
"231" 5e+05 10 8 62500 0.13026 0.13026 "constantPop" 3.76597298480434
"232" 5e+05 20 1024 489 0.13026 0.13026 "constantPop" 3.76597298480434
"233" 5e+05 20 128 3907 0.13026 0.13026 "constantPop" 3.76597298480434
"234" 5e+05 20 16 31250 0.13026 0.13026 "constantPop" 3.76597298480434
"235" 5e+05 20 1 5e+05 0.13026 0.13026 "constantPop" 3.76597298480434
"236" 5e+05 20 256 1954 0.13026 0.13026 "constantPop" 3.76597298480434
"237" 5e+05 20 2 250000 0.13026 0.13026 "constantPop" 3.76597298480434
"238" 5e+05 20 32 15625 0.13026 0.13026 "constantPop" 3.76597298480434
"239" 5e+05 20 4 125000 0.13026 0.13026 "constantPop" 3.76597298480434
"240" 5e+05 20 512 977 0.13026 0.13026 "constantPop" 3.76597298480434
"241" 5e+05 20 64 7813 0.13026 0.13026 "constantPop" 3.76597298480434
"242" 5e+05 20 8 62500 0.13026 0.13026 "constantPop" 3.76597298480434
"243" 5e+05 30 1024 489 0.13026 0.13026 "constantPop" 3.76597298480434
"244" 5e+05 30 128 3907 0.13026 0.13026 "constantPop" 3.76597298480434
"245" 5e+05 30 16 31250 0.13026 0.13026 "constantPop" 3.76597298480434
"246" 5e+05 30 1 5e+05 0.13026 0.13026 "constantPop" 3.76597298480434
"247" 5e+05 30 256 1954 0.13026 0.13026 "constantPop" 3.76597298480434
"248" 5e+05 30 2 250000 0.13026 0.13026 "constantPop" 3.76597298480434
"249" 5e+05 30 32 15625 0.13026 0.13026 "constantPop" 3.76597298480434
"250" 5e+05 30 4 125000 0.13026 0.13026 "constantPop" 3.76597298480434
"251" 5e+05 30 512 977 0.13026 0.13026 "constantPop" 3.76597298480434
"252" 5e+05 30 64 7813 0.13026 0.13026 "constantPop" 3.76597298480434
"253" 5e+05 30 8 62500 0.13026 0.13026 "constantPop" 3.76597298480434
"254" 5e+05 40 1024 489 0.13026 0.13026 "constantPop" 3.76597298480434
"255" 5e+05 40 128 3907 0.13026 0.13026 "constantPop" 3.76597298480434
"256" 5e+05 40 16 31250 0.13026 0.13026 "constantPop" 3.76597298480434
"257" 5e+05 40 1 5e+05 0.13026 0.13026 "constantPop" 3.76597298480434
"258" 5e+05 40 256 1954 0.13026 0.13026 "constantPop" 3.76597298480434
"259" 5e+05 40 2 250000 0.13026 0.13026 "constantPop" 3.76597298480434
"260" 5e+05 40 32 15625 0.13026 0.13026 "constantPop" 3.76597298480434
"261" 5e+05 40 4 125000 0.13026 0.13026 "constantPop" 3.76597298480434
"262" 5e+05 40 512 977 0.13026 0.13026 "constantPop" 3.76597298480434
"263" 5e+05 40 64 7813 0.13026 0.13026 "constantPop" 3.76597298480434
"264" 5e+05 40 8 62500 0.13026 0.13026 "constantPop" 3.76597298480434
"265" 1e+07 10 1024 9766 0.006513 0.006513 "fauxHuman" 1.55459987767277
"266" 1e+07 10 128 78125 0.006513 0.006513 "fauxHuman" 3.51375398326467
"267" 1e+07 10 16 625000 0.006513 0.006513 "fauxHuman" 2.99473529604637
"268" 1e+07 10 1 1e+07 0.006513 0.006513 "fauxHuman" 3.04134021552404
"269" 1e+07 10 256 39063 0.006513 0.006513 "fauxHuman" 1.86623348551266
"270" 1e+07 10 2 5e+06 0.006513 0.006513 "fauxHuman" 2.97058408050628
"271" 1e+07 10 32 312500 0.006513 0.006513 "fauxHuman" 2.89470153193701
"272" 1e+07 10 4 2500000 0.006513 0.006513 "fauxHuman" 2.92631238981615
"273" 1e+07 10 512 19532 0.006513 0.006513 "fauxHuman" 1.0623388462076
"274" 1e+07 10 64 156250 0.006513 0.006513 "fauxHuman" 3.59699729698307
"275" 1e+07 10 8 1250000 0.006513 0.006513 "fauxHuman" 2.98026858244267
"276" 1e+07 20 1024 9766 0.006513 0.006513 "fauxHuman" 0.60163262124956
"277" 1e+07 20 128 78125 0.006513 0.006513 "fauxHuman" 0.386425895779384
"278" 1e+07 20 16 625000 0.006513 0.006513 "fauxHuman" 0.188421440886764
"279" 1e+07 20 1 1e+07 0.006513 0.006513 "fauxHuman" 0.214915002002631
"280" 1e+07 20 256 39063 0.006513 0.006513 "fauxHuman" 0.344195801566061
"281" 1e+07 20 2 5e+06 0.006513 0.006513 "fauxHuman" 0.213900221623794
"282" 1e+07 20 32 312500 0.006513 0.006513 "fauxHuman" 0.216363720268499
"283" 1e+07 20 4 2500000 0.006513 0.006513 "fauxHuman" 0.188720908359553
"284" 1e+07 20 512 19532 0.006513 0.006513 "fauxHuman" 0.639729123878108
"285" 1e+07 20 64 156250 0.006513 0.006513 "fauxHuman" 0.183783276167928
"286" 1e+07 20 8 1250000 0.006513 0.006513 "fauxHuman" 0.183737025937127
"287" 1e+07 30 1024 9766 0.006513 0.006513 "fauxHuman" 0.724341835212629
"288" 1e+07 30 128 78125 0.006513 0.006513 "fauxHuman" 0.0966546410797426
"289" 1e+07 30 16 625000 0.006513 0.006513 "fauxHuman" 0.128808961277163
"290" 1e+07 30 1 1e+07 0.006513 0.006513 "fauxHuman" 0.0912259919707965
"291" 1e+07 30 256 39063 0.006513 0.006513 "fauxHuman" 0.373373519669007
"292" 1e+07 30 2 5e+06 0.006513 0.006513 "fauxHuman" 0.0863583283587644
"293" 1e+07 30 32 312500 0.006513 0.006513 "fauxHuman" 0.175611493263094
"294" 1e+07 30 4 2500000 0.006513 0.006513 "fauxHuman" 0.207716853528395
"295" 1e+07 30 512 19532 0.006513 0.006513 "fauxHuman" 0.480299802443004
"296" 1e+07 30 64 156250 0.006513 0.006513 "fauxHuman" 0.428974159743422
"297" 1e+07 30 8 1250000 0.006513 0.006513 "fauxHuman" 0.127755158288955
"298" 1e+07 40 1024 9766 0.006513 0.006513 "fauxHuman" 0.159663057236905
"299" 1e+07 40 128 78125 0.006513 0.006513 "fauxHuman" 0.518627443564241
"300" 1e+07 40 16 625000 0.006513 0.006513 "fauxHuman" 0.125973188716634
"301" 1e+07 40 1 1e+07 0.006513 0.006513 "fauxHuman" 0.224748738739618
"302" 1e+07 40 256 39063 0.006513 0.006513 "fauxHuman" 0.941930495180778
"303" 1e+07 40 2 5e+06 0.006513 0.006513 "fauxHuman" 0.216933979478557
"304" 1e+07 40 32 312500 0.006513 0.006513 "fauxHuman" 0.139481448101657
"305" 1e+07 40 4 2500000 0.006513 0.006513 "fauxHuman" 0.179924851612215
"306" 1e+07 40 512 19532 0.006513 0.006513 "fauxHuman" 1.44574712776932
"307" 1e+07 40 64 156250 0.006513 0.006513 "fauxHuman" 0.127133988606176
"308" 1e+07 40 8 1250000 0.006513 0.006513 "fauxHuman" 0.144517016866434
"309" 1e+06 10 1024 977 0.06513 0.06513 "fauxHuman" 0.430519545444537
"310" 1e+06 10 128 7813 0.06513 0.06513 "fauxHuman" 0.430519545444537
"311" 1e+06 10 16 62500 0.06513 0.06513 "fauxHuman" 0.430519545444537
"312" 1e+06 10 1 1e+06 0.06513 0.06513 "fauxHuman" 0.430519545444537
"313" 1e+06 10 256 3907 0.06513 0.06513 "fauxHuman" 0.430519545444537
"314" 1e+06 10 2 5e+05 0.06513 0.06513 "fauxHuman" 0.430519545444537
"315" 1e+06 10 32 31250 0.06513 0.06513 "fauxHuman" 0.430519545444537
"316" 1e+06 10 4 250000 0.06513 0.06513 "fauxHuman" 0.430519545444537
"317" 1e+06 10 512 1954 0.06513 0.06513 "fauxHuman" 0.430519545444537
"318" 1e+06 10 64 15625 0.06513 0.06513 "fauxHuman" 0.430519545444537
"319" 1e+06 10 8 125000 0.06513 0.06513 "fauxHuman" 0.430519545444537
"320" 1e+06 20 1024 977 0.06513 0.06513 "fauxHuman" 0.430519545444537
"321" 1e+06 20 128 7813 0.06513 0.06513 "fauxHuman" 0.430519545444537
"322" 1e+06 20 16 62500 0.06513 0.06513 "fauxHuman" 0.430519545444537
"323" 1e+06 20 1 1e+06 0.06513 0.06513 "fauxHuman" 0.430519545444537
"324" 1e+06 20 256 3907 0.06513 0.06513 "fauxHuman" 0.430519545444537
"325" 1e+06 20 2 5e+05 0.06513 0.06513 "fauxHuman" 0.430519545444537
"326" 1e+06 20 32 31250 0.06513 0.06513 "fauxHuman" 0.430519545444537
"327" 1e+06 20 4 250000 0.06513 0.06513 "fauxHuman" 0.430519545444537
"328" 1e+06 20 512 1954 0.06513 0.06513 "fauxHuman" 0.430519545444537
"329" 1e+06 20 64 15625 0.06513 0.06513 "fauxHuman" 0.430519545444537
"330" 1e+06 20 8 125000 0.06513 0.06513 "fauxHuman" 0.430519545444537
"331" 1e+06 30 1024 977 0.06513 0.06513 "fauxHuman" 0.430519545444537
"332" 1e+06 30 128 7813 0.06513 0.06513 "fauxHuman" 0.430519545444537
"333" 1e+06 30 16 62500 0.06513 0.06513 "fauxHuman" 0.430519545444537
"334" 1e+06 30 1 1e+06 0.06513 0.06513 "fauxHuman" 0.430519545444537
"335" 1e+06 30 256 3907 0.06513 0.06513 "fauxHuman" 0.430519545444537
"336" 1e+06 30 2 5e+05 0.06513 0.06513 "fauxHuman" 0.430519545444537
"337" 1e+06 30 32 31250 0.06513 0.06513 "fauxHuman" 0.430519545444537
"338" 1e+06 30 4 250000 0.06513 0.06513 "fauxHuman" 0.430519545444537
"339" 1e+06 30 512 1954 0.06513 0.06513 "fauxHuman" 0.430519545444537
"340" 1e+06 30 64 15625 0.06513 0.06513 "fauxHuman" 0.430519545444537
"341" 1e+06 30 8 125000 0.06513 0.06513 "fauxHuman" 0.430519545444537
"342" 1e+06 40 1024 977 0.06513 0.06513 "fauxHuman" 0.430519545444537
"343" 1e+06 40 128 7813 0.06513 0.06513 "fauxHuman" 0.430519545444537
"344" 1e+06 40 16 62500 0.06513 0.06513 "fauxHuman" 0.430519545444537
"345" 1e+06 40 1 1e+06 0.06513 0.06513 "fauxHuman" 0.430519545444537
"346" 1e+06 40 256 3907 0.06513 0.06513 "fauxHuman" 0.430519545444537
"347" 1e+06 40 2 5e+05 0.06513 0.06513 "fauxHuman" 0.430519545444537
"348" 1e+06 40 32 31250 0.06513 0.06513 "fauxHuman" 0.430519545444537
"349" 1e+06 40 4 250000 0.06513 0.06513 "fauxHuman" 0.430519545444537
"350" 1e+06 40 512 1954 0.06513 0.06513 "fauxHuman" 0.430519545444537
"351" 1e+06 40 64 15625 0.06513 0.06513 "fauxHuman" 0.430519545444537
"352" 1e+06 40 8 125000 0.06513 0.06513 "fauxHuman" 0.430519545444537
"353" 1e+05 10 1024 98 0.6513 0.6513 "fauxHuman" 0.430519545444537
"354" 1e+05 10 128 782 0.6513 0.6513 "fauxHuman" 0.430519545444537
"355" 1e+05 10 16 6250 0.6513 0.6513 "fauxHuman" 0.430519545444537
"356" 1e+05 10 1 1e+05 0.6513 0.6513 "fauxHuman" 0.430519545444537
"357" 1e+05 10 256 391 0.6513 0.6513 "fauxHuman" 0.430519545444537
"358" 1e+05 10 2 50000 0.6513 0.6513 "fauxHuman" 0.430519545444537
"359" 1e+05 10 32 3125 0.6513 0.6513 "fauxHuman" 0.430519545444537
"360" 1e+05 10 4 25000 0.6513 0.6513 "fauxHuman" 0.430519545444537
"361" 1e+05 10 512 196 0.6513 0.6513 "fauxHuman" 0.430519545444537
"362" 1e+05 10 64 1563 0.6513 0.6513 "fauxHuman" 0.430519545444537
"363" 1e+05 10 8 12500 0.6513 0.6513 "fauxHuman" 0.430519545444537
"364" 1e+05 20 1024 98 0.6513 0.6513 "fauxHuman" 0.430519545444537
"365" 1e+05 20 128 782 0.6513 0.6513 "fauxHuman" 0.430519545444537
"366" 1e+05 20 16 6250 0.6513 0.6513 "fauxHuman" 0.430519545444537
"367" 1e+05 20 1 1e+05 0.6513 0.6513 "fauxHuman" 0.430519545444537
"368" 1e+05 20 256 391 0.6513 0.6513 "fauxHuman" 0.430519545444537
"369" 1e+05 20 2 50000 0.6513 0.6513 "fauxHuman" 0.430519545444537
"370" 1e+05 20 32 3125 0.6513 0.6513 "fauxHuman" 0.430519545444537
"371" 1e+05 20 4 25000 0.6513 0.6513 "fauxHuman" 0.430519545444537
"372" 1e+05 20 512 196 0.6513 0.6513 "fauxHuman" 0.430519545444537
"373" 1e+05 20 64 1563 0.6513 0.6513 "fauxHuman" 0.430519545444537
"374" 1e+05 20 8 12500 0.6513 0.6513 "fauxHuman" 0.430519545444537
"375" 1e+05 30 1024 98 0.6513 0.6513 "fauxHuman" 0.430519545444537
"376" 1e+05 30 128 782 0.6513 0.6513 "fauxHuman" 0.430519545444537
"377" 1e+05 30 16 6250 0.6513 0.6513 "fauxHuman" 0.430519545444537
"378" 1e+05 30 1 1e+05 0.6513 0.6513 "fauxHuman" 0.430519545444537
"379" 1e+05 30 256 391 0.6513 0.6513 "fauxHuman" 0.430519545444537
"380" 1e+05 30 2 50000 0.6513 0.6513 "fauxHuman" 0.430519545444537
"381" 1e+05 30 32 3125 0.6513 0.6513 "fauxHuman" 0.430519545444537
"382" 1e+05 30 4 25000 0.6513 0.6513 "fauxHuman" 0.430519545444537
"383" 1e+05 30 512 196 0.6513 0.6513 "fauxHuman" 0.430519545444537
"384" 1e+05 30 64 1563 0.6513 0.6513 "fauxHuman" 0.430519545444537
"385" 1e+05 30 8 12500 0.6513 0.6513 "fauxHuman" 0.430519545444537
"386" 1e+05 40 1024 98 0.6513 0.6513 "fauxHuman" 0.430519545444537
"387" 1e+05 40 128 782 0.6513 0.6513 "fauxHuman" 0.430519545444537
"388" 1e+05 40 16 6250 0.6513 0.6513 "fauxHuman" 0.430519545444537
"389" 1e+05 40 1 1e+05 0.6513 0.6513 "fauxHuman" 0.430519545444537
"390" 1e+05 40 256 391 0.6513 0.6513 "fauxHuman" 0.430519545444537
"391" 1e+05 40 2 50000 0.6513 0.6513 "fauxHuman" 0.430519545444537
"392" 1e+05 40 32 3125 0.6513 0.6513 "fauxHuman" 0.430519545444537
"393" 1e+05 40 4 25000 0.6513 0.6513 "fauxHuman" 0.430519545444537
"394" 1e+05 40 512 196 0.6513 0.6513 "fauxHuman" 0.430519545444537
"395" 1e+05 40 64 1563 0.6513 0.6513 "fauxHuman" 0.430519545444537
"396" 1e+05 40 8 12500 0.6513 0.6513 "fauxHuman" 0.430519545444537
"397" 2e+07 10 1024 19532 0.0032565 0.0032565 "fauxHuman" 2.6923236470496
"398" 2e+07 10 128 156250 0.0032565 0.0032565 "fauxHuman" 0.41357873541343
"399" 2e+07 10 16 1250000 0.0032565 0.0032565 "fauxHuman" 0.469680947756425
"400" 2e+07 10 1 2e+07 0.0032565 0.0032565 "fauxHuman" 0.447636435575686
"401" 2e+07 10 256 78125 0.0032565 0.0032565 "fauxHuman" 0.202453602117136
"402" 2e+07 10 2 1e+07 0.0032565 0.0032565 "fauxHuman" 0.455471852191052
"403" 2e+07 10 32 625000 0.0032565 0.0032565 "fauxHuman" 0.418924211200705
"404" 2e+07 10 4 5e+06 0.0032565 0.0032565 "fauxHuman" 0.463083286166517
"405" 2e+07 10 512 39063 0.0032565 0.0032565 "fauxHuman" 2.49326582745789
"406" 2e+07 10 64 312500 0.0032565 0.0032565 "fauxHuman" 0.446063449868788
"407" 2e+07 10 8 2500000 0.0032565 0.0032565 "fauxHuman" 0.460519801234559
"408" 2e+07 20 1024 19532 0.0032565 0.0032565 "fauxHuman" 0.62839081625256
"409" 2e+07 20 128 156250 0.0032565 0.0032565 "fauxHuman" 0.239346851795283
"410" 2e+07 20 16 1250000 0.0032565 0.0032565 "fauxHuman" 0.165106072622851
"411" 2e+07 20 1 2e+07 0.0032565 0.0032565 "fauxHuman" 0.17257117597561
"412" 2e+07 20 256 78125 0.0032565 0.0032565 "fauxHuman" 0.207193694557061
"413" 2e+07 20 2 1e+07 0.0032565 0.0032565 "fauxHuman" 0.168588945115462
"414" 2e+07 20 32 625000 0.0032565 0.0032565 "fauxHuman" 0.160792518106628
"415" 2e+07 20 4 5e+06 0.0032565 0.0032565 "fauxHuman" 0.164189259952199
"416" 2e+07 20 512 39063 0.0032565 0.0032565 "fauxHuman" 0.171476695483514
"417" 2e+07 20 64 312500 0.0032565 0.0032565 "fauxHuman" 0.158175905536083
"418" 2e+07 20 8 2500000 0.0032565 0.0032565 "fauxHuman" 0.173206147872399
"419" 2e+07 30 1024 19532 0.0032565 0.0032565 "fauxHuman" 0.780988832990417
"420" 2e+07 30 128 156250 0.0032565 0.0032565 "fauxHuman" 0.516900022774712
"421" 2e+07 30 16 1250000 0.0032565 0.0032565 "fauxHuman" 0.322043166638599
"422" 2e+07 30 1 2e+07 0.0032565 0.0032565 "fauxHuman" 0.299653165110747
"423" 2e+07 30 256 78125 0.0032565 0.0032565 "fauxHuman" 0.68449640703197
"424" 2e+07 30 2 1e+07 0.0032565 0.0032565 "fauxHuman" 0.293004024752452
"425" 2e+07 30 32 625000 0.0032565 0.0032565 "fauxHuman" 0.403396057033303
"426" 2e+07 30 4 5e+06 0.0032565 0.0032565 "fauxHuman" 0.351459006577397
"427" 2e+07 30 512 39063 0.0032565 0.0032565 "fauxHuman" 0.722282344031779
"428" 2e+07 30 64 312500 0.0032565 0.0032565 "fauxHuman" 0.587149644021589
"429" 2e+07 30 8 2500000 0.0032565 0.0032565 "fauxHuman" 0.334111469641687
"430" 2e+07 40 1024 19532 0.0032565 0.0032565 "fauxHuman" 0.172015291367358
"431" 2e+07 40 128 156250 0.0032565 0.0032565 "fauxHuman" 0.354507193905901
"432" 2e+07 40 16 1250000 0.0032565 0.0032565 "fauxHuman" 0.289636958325156
"433" 2e+07 40 1 2e+07 0.0032565 0.0032565 "fauxHuman" 0.274555228831374
"434" 2e+07 40 256 78125 0.0032565 0.0032565 "fauxHuman" 0.452305438429037
"435" 2e+07 40 2 1e+07 0.0032565 0.0032565 "fauxHuman" 0.273008659069178
"436" 2e+07 40 32 625000 0.0032565 0.0032565 "fauxHuman" 0.296139581551832
"437" 2e+07 40 4 5e+06 0.0032565 0.0032565 "fauxHuman" 0.280487943508595
"438" 2e+07 40 512 39063 0.0032565 0.0032565 "fauxHuman" 0.232985174124839
"439" 2e+07 40 64 312500 0.0032565 0.0032565 "fauxHuman" 0.275205513647131
"440" 2e+07 40 8 2500000 0.0032565 0.0032565 "fauxHuman" 0.281399371936401
"441" 5e+06 10 1024 4883 0.013026 0.013026 "fauxHuman" 1.62128537483053
"442" 5e+06 10 128 39063 0.013026 0.013026 "fauxHuman" 0.309915893762722
"443" 5e+06 10 16 312500 0.013026 0.013026 "fauxHuman" 1.13553099250077
"444" 5e+06 10 1 5e+06 0.013026 0.013026 "fauxHuman" 0.62821777869417
"445" 5e+06 10 256 19532 0.013026 0.013026 "fauxHuman" 0.166826232063782
"446" 5e+06 10 2 2500000 0.013026 0.013026 "fauxHuman" 0.604292767095754
"447" 5e+06 10 32 156250 0.013026 0.013026 "fauxHuman" 0.678716165020104
"448" 5e+06 10 4 1250000 0.013026 0.013026 "fauxHuman" 0.617544972688129
"449" 5e+06 10 512 9766 0.013026 0.013026 "fauxHuman" 0.176627243689934
"450" 5e+06 10 64 78125 0.013026 0.013026 "fauxHuman" 0.885290200264178
"451" 5e+06 10 8 625000 0.013026 0.013026 "fauxHuman" 0.952159063874053
"452" 5e+06 20 1024 4883 0.013026 0.013026 "fauxHuman" 2.63008176120829
"453" 5e+06 20 128 39063 0.013026 0.013026 "fauxHuman" 1.49134731773197
"454" 5e+06 20 16 312500 0.013026 0.013026 "fauxHuman" 0.909139417299741
"455" 5e+06 20 1 5e+06 0.013026 0.013026 "fauxHuman" 1.41608141750694
"456" 5e+06 20 256 19532 0.013026 0.013026 "fauxHuman" 0.792816742972625
"457" 5e+06 20 2 2500000 0.013026 0.013026 "fauxHuman" 1.73268255532097
"458" 5e+06 20 32 156250 0.013026 0.013026 "fauxHuman" 0.630167383013479
"459" 5e+06 20 4 1250000 0.013026 0.013026 "fauxHuman" 1.60121730496246
"460" 5e+06 20 512 9766 0.013026 0.013026 "fauxHuman" 3.50823928081566
"461" 5e+06 20 64 78125 0.013026 0.013026 "fauxHuman" 0.441770666738617
"462" 5e+06 20 8 625000 0.013026 0.013026 "fauxHuman" 1.39315652340952
"463" 5e+06 30 1024 4883 0.013026 0.013026 "fauxHuman" 0.533170213670874
"464" 5e+06 30 128 39063 0.013026 0.013026 "fauxHuman" 0.281117000155686
"465" 5e+06 30 16 312500 0.013026 0.013026 "fauxHuman" 1.12175649245406
"466" 5e+06 30 1 5e+06 0.013026 0.013026 "fauxHuman" 1.04094355364438
"467" 5e+06 30 256 19532 0.013026 0.013026 "fauxHuman" 0.804188219380753
"468" 5e+06 30 2 2500000 0.013026 0.013026 "fauxHuman" 1.23766563259328
"469" 5e+06 30 32 156250 0.013026 0.013026 "fauxHuman" 0.835513557299938
"470" 5e+06 30 4 1250000 0.013026 0.013026 "fauxHuman" 1.2151720281577
"471" 5e+06 30 512 9766 0.013026 0.013026 "fauxHuman" 0.442514810650145
"472" 5e+06 30 64 78125 0.013026 0.013026 "fauxHuman" 0.870538603918573
"473" 5e+06 30 8 625000 0.013026 0.013026 "fauxHuman" 1.12666911901098
"474" 5e+06 40 1024 4883 0.013026 0.013026 "fauxHuman" 1.06446646255272
"475" 5e+06 40 128 39063 0.013026 0.013026 "fauxHuman" 0.504273763715191
"476" 5e+06 40 16 312500 0.013026 0.013026 "fauxHuman" 1.18771249436047
"477" 5e+06 40 1 5e+06 0.013026 0.013026 "fauxHuman" 0.877490501326255
"478" 5e+06 40 256 19532 0.013026 0.013026 "fauxHuman" 0.417708745335657
"479" 5e+06 40 2 2500000 0.013026 0.013026 "fauxHuman" 0.883233018867892
"480" 5e+06 40 32 156250 0.013026 0.013026 "fauxHuman" 0.847739114358079
"481" 5e+06 40 4 1250000 0.013026 0.013026 "fauxHuman" 1.08609704419234
"482" 5e+06 40 512 9766 0.013026 0.013026 "fauxHuman" 0.909605426975788
"483" 5e+06 40 64 78125 0.013026 0.013026 "fauxHuman" 1.06116286296648
"484" 5e+06 40 8 625000 0.013026 0.013026 "fauxHuman" 1.24239926391166
"485" 5e+05 10 1024 489 0.13026 0.13026 "fauxHuman" 0.430519545444537
"486" 5e+05 10 128 3907 0.13026 0.13026 "fauxHuman" 0.430519545444537
"487" 5e+05 10 16 31250 0.13026 0.13026 "fauxHuman" 0.430519545444537
"488" 5e+05 10 1 5e+05 0.13026 0.13026 "fauxHuman" 0.430519545444537
"489" 5e+05 10 256 1954 0.13026 0.13026 "fauxHuman" 0.430519545444537
"490" 5e+05 10 2 250000 0.13026 0.13026 "fauxHuman" 0.430519545444537
"491" 5e+05 10 32 15625 0.13026 0.13026 "fauxHuman" 0.430519545444537
"492" 5e+05 10 4 125000 0.13026 0.13026 "fauxHuman" 0.430519545444537
"493" 5e+05 10 512 977 0.13026 0.13026 "fauxHuman" 0.430519545444537
"494" 5e+05 10 64 7813 0.13026 0.13026 "fauxHuman" 0.430519545444537
"495" 5e+05 10 8 62500 0.13026 0.13026 "fauxHuman" 0.430519545444537
"496" 5e+05 20 1024 489 0.13026 0.13026 "fauxHuman" 0.430519545444537
"497" 5e+05 20 128 3907 0.13026 0.13026 "fauxHuman" 0.430519545444537
"498" 5e+05 20 16 31250 0.13026 0.13026 "fauxHuman" 0.430519545444537
"499" 5e+05 20 1 5e+05 0.13026 0.13026 "fauxHuman" 0.430519545444537
"500" 5e+05 20 256 1954 0.13026 0.13026 "fauxHuman" 0.430519545444537
"501" 5e+05 20 2 250000 0.13026 0.13026 "fauxHuman" 0.430519545444537
"502" 5e+05 20 32 15625 0.13026 0.13026 "fauxHuman" 0.430519545444537
"503" 5e+05 20 4 125000 0.13026 0.13026 "fauxHuman" 0.430519545444537
"504" 5e+05 20 512 977 0.13026 0.13026 "fauxHuman" 0.430519545444537
"505" 5e+05 20 64 7813 0.13026 0.13026 "fauxHuman" 0.430519545444537
"506" 5e+05 20 8 62500 0.13026 0.13026 "fauxHuman" 0.430519545444537
"507" 5e+05 30 1024 489 0.13026 0.13026 "fauxHuman" 0.430519545444537
"508" 5e+05 30 128 3907 0.13026 0.13026 "fauxHuman" 0.430519545444537
"509" 5e+05 30 16 31250 0.13026 0.13026 "fauxHuman" 0.430519545444537
"510" 5e+05 30 1 5e+05 0.13026 0.13026 "fauxHuman" 0.430519545444537
"511" 5e+05 30 256 1954 0.13026 0.13026 "fauxHuman" 0.430519545444537
"512" 5e+05 30 2 250000 0.13026 0.13026 "fauxHuman" 0.430519545444537
"513" 5e+05 30 32 15625 0.13026 0.13026 "fauxHuman" 0.430519545444537
"514" 5e+05 30 4 125000 0.13026 0.13026 "fauxHuman" 0.430519545444537
"515" 5e+05 30 512 977 0.13026 0.13026 "fauxHuman" 0.430519545444537
"516" 5e+05 30 64 7813 0.13026 0.13026 "fauxHuman" 0.430519545444537
"517" 5e+05 30 8 62500 0.13026 0.13026 "fauxHuman" 0.430519545444537
"518" 5e+05 40 1024 489 0.13026 0.13026 "fauxHuman" 0.430519545444537
"519" 5e+05 40 128 3907 0.13026 0.13026 "fauxHuman" 0.430519545444537
"520" 5e+05 40 16 31250 0.13026 0.13026 "fauxHuman" 0.430519545444537
"521" 5e+05 40 1 5e+05 0.13026 0.13026 "fauxHuman" 0.430519545444537
"522" 5e+05 40 256 1954 0.13026 0.13026 "fauxHuman" 0.430519545444537
"523" 5e+05 40 2 250000 0.13026 0.13026 "fauxHuman" 0.430519545444537
"524" 5e+05 40 32 15625 0.13026 0.13026 "fauxHuman" 0.430519545444537
"525" 5e+05 40 4 125000 0.13026 0.13026 "fauxHuman" 0.430519545444537
"526" 5e+05 40 512 977 0.13026 0.13026 "fauxHuman" 0.430519545444537
"527" 5e+05 40 64 7813 0.13026 0.13026 "fauxHuman" 0.430519545444537
"528" 5e+05 40 8 62500 0.13026 0.13026 "fauxHuman" 0.430519545444537
"529" 1e+07 10 1024 9766 0.006513 0.006513 "psmcSim1" 4.15147060001486
"530" 1e+07 10 128 78125 0.006513 0.006513 "psmcSim1" 1.475407713886
"531" 1e+07 10 16 625000 0.006513 0.006513 "psmcSim1" 1.83306908732732
"532" 1e+07 10 1 1e+07 0.006513 0.006513 "psmcSim1" 1.9565755626258
"533" 1e+07 10 256 39063 0.006513 0.006513 "psmcSim1" 1.17656979351736
"534" 1e+07 10 2 5e+06 0.006513 0.006513 "psmcSim1" 1.90851359580769
"535" 1e+07 10 32 312500 0.006513 0.006513 "psmcSim1" 1.80945820963691
"536" 1e+07 10 4 2500000 0.006513 0.006513 "psmcSim1" 1.8022863706687
"537" 1e+07 10 512 19532 0.006513 0.006513 "psmcSim1" 2.2957837275557
"538" 1e+07 10 64 156250 0.006513 0.006513 "psmcSim1" 1.67163597943085
"539" 1e+07 10 8 1250000 0.006513 0.006513 "psmcSim1" 1.89441054519293
"540" 1e+07 20 1024 9766 0.006513 0.006513 "psmcSim1" 2.40575925341673
"541" 1e+07 20 128 78125 0.006513 0.006513 "psmcSim1" 0.939455098491941
"542" 1e+07 20 16 625000 0.006513 0.006513 "psmcSim1" 0.776930996736039
"543" 1e+07 20 1 1e+07 0.006513 0.006513 "psmcSim1" 0.79986980815327
"544" 1e+07 20 256 39063 0.006513 0.006513 "psmcSim1" 1.26959385337676
"545" 1e+07 20 2 5e+06 0.006513 0.006513 "psmcSim1" 0.772986826136844
"546" 1e+07 20 32 312500 0.006513 0.006513 "psmcSim1" 0.780486228268034
"547" 1e+07 20 4 2500000 0.006513 0.006513 "psmcSim1" 0.761536692241537
"548" 1e+07 20 512 19532 0.006513 0.006513 "psmcSim1" 2.23494440414438
"549" 1e+07 20 64 156250 0.006513 0.006513 "psmcSim1" 0.831277725958181
"550" 1e+07 20 8 1250000 0.006513 0.006513 "psmcSim1" 0.757035287536395
"551" 1e+07 30 1024 9766 0.006513 0.006513 "psmcSim1" 1.30525759208528
"552" 1e+07 30 128 78125 0.006513 0.006513 "psmcSim1" 0.882461455259228
"553" 1e+07 30 16 625000 0.006513 0.006513 "psmcSim1" 1.9122970529077
"554" 1e+07 30 1 1e+07 0.006513 0.006513 "psmcSim1" 1.29859029377337
"555" 1e+07 30 256 39063 0.006513 0.006513 "psmcSim1" 0.966644612406622
"556" 1e+07 30 2 5e+06 0.006513 0.006513 "psmcSim1" 1.33806724917624
"557" 1e+07 30 32 312500 0.006513 0.006513 "psmcSim1" 1.93429871245899
"558" 1e+07 30 4 2500000 0.006513 0.006513 "psmcSim1" 1.38149256905766
"559" 1e+07 30 512 19532 0.006513 0.006513 "psmcSim1" 2.33818533136353
"560" 1e+07 30 64 156250 0.006513 0.006513 "psmcSim1" 1.46429407665034
"561" 1e+07 30 8 1250000 0.006513 0.006513 "psmcSim1" 1.57980550892589
"562" 1e+07 40 1024 9766 0.006513 0.006513 "psmcSim1" 2.37467373331815
"563" 1e+07 40 128 78125 0.006513 0.006513 "psmcSim1" 1.28277764225898
"564" 1e+07 40 16 625000 0.006513 0.006513 "psmcSim1" 0.923398859218481
"565" 1e+07 40 1 1e+07 0.006513 0.006513 "psmcSim1" 1.03218045681231
"566" 1e+07 40 256 39063 0.006513 0.006513 "psmcSim1" 0.718040755681205
"567" 1e+07 40 2 5e+06 0.006513 0.006513 "psmcSim1" 1.03576342244918
"568" 1e+07 40 32 312500 0.006513 0.006513 "psmcSim1" 1.03633898671834
"569" 1e+07 40 4 2500000 0.006513 0.006513 "psmcSim1" 1.0768599516492
"570" 1e+07 40 512 19532 0.006513 0.006513 "psmcSim1" 1.39794207258736
"571" 1e+07 40 64 156250 0.006513 0.006513 "psmcSim1" 1.14292921934287
"572" 1e+07 40 8 1250000 0.006513 0.006513 "psmcSim1" 1.0443600437589
"573" 1e+06 10 1024 977 0.06513 0.06513 "psmcSim1" 2.64162570245716
"574" 1e+06 10 128 7813 0.06513 0.06513 "psmcSim1" 2.64162570245716
"575" 1e+06 10 16 62500 0.06513 0.06513 "psmcSim1" 2.64162570245716
"576" 1e+06 10 1 1e+06 0.06513 0.06513 "psmcSim1" 2.64162570245716
"577" 1e+06 10 256 3907 0.06513 0.06513 "psmcSim1" 2.64162570245716
"578" 1e+06 10 2 5e+05 0.06513 0.06513 "psmcSim1" 2.64162570245716
"579" 1e+06 10 32 31250 0.06513 0.06513 "psmcSim1" 2.64162570245716
"580" 1e+06 10 4 250000 0.06513 0.06513 "psmcSim1" 2.64162570245716
"581" 1e+06 10 512 1954 0.06513 0.06513 "psmcSim1" 2.64162570245716
"582" 1e+06 10 64 15625 0.06513 0.06513 "psmcSim1" 2.64162570245716
"583" 1e+06 10 8 125000 0.06513 0.06513 "psmcSim1" 2.64162570245716
"584" 1e+06 20 1024 977 0.06513 0.06513 "psmcSim1" 2.64162570245716
"585" 1e+06 20 128 7813 0.06513 0.06513 "psmcSim1" 2.64162570245716
"586" 1e+06 20 16 62500 0.06513 0.06513 "psmcSim1" 2.64162570245716
"587" 1e+06 20 1 1e+06 0.06513 0.06513 "psmcSim1" 2.64162570245716
"588" 1e+06 20 256 3907 0.06513 0.06513 "psmcSim1" 2.64162570245716
"589" 1e+06 20 2 5e+05 0.06513 0.06513 "psmcSim1" 2.64162570245716
"590" 1e+06 20 32 31250 0.06513 0.06513 "psmcSim1" 2.64162570245716
"591" 1e+06 20 4 250000 0.06513 0.06513 "psmcSim1" 2.64162570245716
"592" 1e+06 20 512 1954 0.06513 0.06513 "psmcSim1" 2.64162570245716
"593" 1e+06 20 64 15625 0.06513 0.06513 "psmcSim1" 2.64162570245716
"594" 1e+06 20 8 125000 0.06513 0.06513 "psmcSim1" 2.64162570245716
"595" 1e+06 30 1024 977 0.06513 0.06513 "psmcSim1" 2.64162570245716
"596" 1e+06 30 128 7813 0.06513 0.06513 "psmcSim1" 2.64162570245716
"597" 1e+06 30 16 62500 0.06513 0.06513 "psmcSim1" 2.64162570245716
"598" 1e+06 30 1 1e+06 0.06513 0.06513 "psmcSim1" 2.64162570245716
"599" 1e+06 30 256 3907 0.06513 0.06513 "psmcSim1" 2.64162570245716
"600" 1e+06 30 2 5e+05 0.06513 0.06513 "psmcSim1" 2.64162570245716
"601" 1e+06 30 32 31250 0.06513 0.06513 "psmcSim1" 2.64162570245716
"602" 1e+06 30 4 250000 0.06513 0.06513 "psmcSim1" 2.64162570245716
"603" 1e+06 30 512 1954 0.06513 0.06513 "psmcSim1" 2.64162570245716
"604" 1e+06 30 64 15625 0.06513 0.06513 "psmcSim1" 2.64162570245716
"605" 1e+06 30 8 125000 0.06513 0.06513 "psmcSim1" 2.64162570245716
"606" 1e+06 40 1024 977 0.06513 0.06513 "psmcSim1" 2.64162570245716
"607" 1e+06 40 128 7813 0.06513 0.06513 "psmcSim1" 2.64162570245716
"608" 1e+06 40 16 62500 0.06513 0.06513 "psmcSim1" 2.64162570245716
"609" 1e+06 40 1 1e+06 0.06513 0.06513 "psmcSim1" 2.64162570245716
"610" 1e+06 40 256 3907 0.06513 0.06513 "psmcSim1" 2.64162570245716
"611" 1e+06 40 2 5e+05 0.06513 0.06513 "psmcSim1" 2.64162570245716
"612" 1e+06 40 32 31250 0.06513 0.06513 "psmcSim1" 2.64162570245716
"613" 1e+06 40 4 250000 0.06513 0.06513 "psmcSim1" 2.64162570245716
"614" 1e+06 40 512 1954 0.06513 0.06513 "psmcSim1" 2.64162570245716
"615" 1e+06 40 64 15625 0.06513 0.06513 "psmcSim1" 2.64162570245716
"616" 1e+06 40 8 125000 0.06513 0.06513 "psmcSim1" 2.64162570245716
"617" 1e+05 10 1024 98 0.6513 0.6513 "psmcSim1" 2.64162570245716
"618" 1e+05 10 128 782 0.6513 0.6513 "psmcSim1" 2.64162570245716
"619" 1e+05 10 16 6250 0.6513 0.6513 "psmcSim1" 2.64162570245716
"620" 1e+05 10 1 1e+05 0.6513 0.6513 "psmcSim1" 2.64162570245716
"621" 1e+05 10 256 391 0.6513 0.6513 "psmcSim1" 2.64162570245716
"622" 1e+05 10 2 50000 0.6513 0.6513 "psmcSim1" 2.64162570245716
"623" 1e+05 10 32 3125 0.6513 0.6513 "psmcSim1" 2.64162570245716
"624" 1e+05 10 4 25000 0.6513 0.6513 "psmcSim1" 2.64162570245716
"625" 1e+05 10 512 196 0.6513 0.6513 "psmcSim1" 2.64162570245716
"626" 1e+05 10 64 1563 0.6513 0.6513 "psmcSim1" 2.64162570245716
"627" 1e+05 10 8 12500 0.6513 0.6513 "psmcSim1" 2.64162570245716
"628" 1e+05 20 1024 98 0.6513 0.6513 "psmcSim1" 2.64162570245716
"629" 1e+05 20 128 782 0.6513 0.6513 "psmcSim1" 2.64162570245716
"630" 1e+05 20 16 6250 0.6513 0.6513 "psmcSim1" 2.64162570245716
"631" 1e+05 20 1 1e+05 0.6513 0.6513 "psmcSim1" 2.64162570245716
"632" 1e+05 20 256 391 0.6513 0.6513 "psmcSim1" 2.64162570245716
"633" 1e+05 20 2 50000 0.6513 0.6513 "psmcSim1" 2.64162570245716
"634" 1e+05 20 32 3125 0.6513 0.6513 "psmcSim1" 2.64162570245716
"635" 1e+05 20 4 25000 0.6513 0.6513 "psmcSim1" 2.64162570245716
"636" 1e+05 20 512 196 0.6513 0.6513 "psmcSim1" 2.64162570245716
"637" 1e+05 20 64 1563 0.6513 0.6513 "psmcSim1" 2.64162570245716
"638" 1e+05 20 8 12500 0.6513 0.6513 "psmcSim1" 2.64162570245716
"639" 1e+05 30 1024 98 0.6513 0.6513 "psmcSim1" 2.64162570245716
"640" 1e+05 30 128 782 0.6513 0.6513 "psmcSim1" 2.64162570245716
"641" 1e+05 30 16 6250 0.6513 0.6513 "psmcSim1" 2.64162570245716
"642" 1e+05 30 1 1e+05 0.6513 0.6513 "psmcSim1" 2.64162570245716
"643" 1e+05 30 256 391 0.6513 0.6513 "psmcSim1" 2.64162570245716
"644" 1e+05 30 2 50000 0.6513 0.6513 "psmcSim1" 2.64162570245716
"645" 1e+05 30 32 3125 0.6513 0.6513 "psmcSim1" 2.64162570245716
"646" 1e+05 30 4 25000 0.6513 0.6513 "psmcSim1" 2.64162570245716
"647" 1e+05 30 512 196 0.6513 0.6513 "psmcSim1" 2.64162570245716
"648" 1e+05 30 64 1563 0.6513 0.6513 "psmcSim1" 2.64162570245716
"649" 1e+05 30 8 12500 0.6513 0.6513 "psmcSim1" 2.64162570245716
"650" 1e+05 40 1024 98 0.6513 0.6513 "psmcSim1" 2.64162570245716
"651" 1e+05 40 128 782 0.6513 0.6513 "psmcSim1" 2.64162570245716
"652" 1e+05 40 16 6250 0.6513 0.6513 "psmcSim1" 2.64162570245716
"653" 1e+05 40 1 1e+05 0.6513 0.6513 "psmcSim1" 2.64162570245716
"654" 1e+05 40 256 391 0.6513 0.6513 "psmcSim1" 2.64162570245716
"655" 1e+05 40 2 50000 0.6513 0.6513 "psmcSim1" 2.64162570245716
"656" 1e+05 40 32 3125 0.6513 0.6513 "psmcSim1" 2.64162570245716
"657" 1e+05 40 4 25000 0.6513 0.6513 "psmcSim1" 2.64162570245716
"658" 1e+05 40 512 196 0.6513 0.6513 "psmcSim1" 2.64162570245716
"659" 1e+05 40 64 1563 0.6513 0.6513 "psmcSim1" 2.64162570245716
"660" 1e+05 40 8 12500 0.6513 0.6513 "psmcSim1" 2.64162570245716
"661" 2e+07 10 1024 19532 0.0032565 0.0032565 "psmcSim1" 1.17254888457933
"662" 2e+07 10 128 156250 0.0032565 0.0032565 "psmcSim1" 0.848696555496849
"663" 2e+07 10 16 1250000 0.0032565 0.0032565 "psmcSim1" 0.755009425142231
"664" 2e+07 10 1 2e+07 0.0032565 0.0032565 "psmcSim1" 0.735567396819402
"665" 2e+07 10 256 78125 0.0032565 0.0032565 "psmcSim1" 0.6887388382414
"666" 2e+07 10 2 1e+07 0.0032565 0.0032565 "psmcSim1" 0.737767731267348
"667" 2e+07 10 32 625000 0.0032565 0.0032565 "psmcSim1" 0.703510906612513
"668" 2e+07 10 4 5e+06 0.0032565 0.0032565 "psmcSim1" 0.745038746648337
"669" 2e+07 10 512 39063 0.0032565 0.0032565 "psmcSim1" 0.72450205413059
"670" 2e+07 10 64 312500 0.0032565 0.0032565 "psmcSim1" 0.694775488063911
"671" 2e+07 10 8 2500000 0.0032565 0.0032565 "psmcSim1" 0.703970415698326
"672" 2e+07 20 1024 19532 0.0032565 0.0032565 "psmcSim1" 1.05882599815202
"673" 2e+07 20 128 156250 0.0032565 0.0032565 "psmcSim1" 0.496100755920271
"674" 2e+07 20 16 1250000 0.0032565 0.0032565 "psmcSim1" 0.765351925408786
"675" 2e+07 20 1 2e+07 0.0032565 0.0032565 "psmcSim1" 0.606832716354247
"676" 2e+07 20 256 78125 0.0032565 0.0032565 "psmcSim1" 0.492354448427032
"677" 2e+07 20 2 1e+07 0.0032565 0.0032565 "psmcSim1" 0.58615416441161
"678" 2e+07 20 32 625000 0.0032565 0.0032565 "psmcSim1" 0.594794015797518
"679" 2e+07 20 4 5e+06 0.0032565 0.0032565 "psmcSim1" 0.59283281377864
"680" 2e+07 20 512 39063 0.0032565 0.0032565 "psmcSim1" 1.68157042399692
"681" 2e+07 20 64 312500 0.0032565 0.0032565 "psmcSim1" 0.71313628897121
"682" 2e+07 20 8 2500000 0.0032565 0.0032565 "psmcSim1" 0.672306613516705
"683" 2e+07 30 1024 19532 0.0032565 0.0032565 "psmcSim1" 2.31763084540912
"684" 2e+07 30 128 156250 0.0032565 0.0032565 "psmcSim1" 0.687716723397935
"685" 2e+07 30 16 1250000 0.0032565 0.0032565 "psmcSim1" 0.73975214485539
"686" 2e+07 30 1 2e+07 0.0032565 0.0032565 "psmcSim1" 0.693579865540162
"687" 2e+07 30 256 78125 0.0032565 0.0032565 "psmcSim1" 0.618742524785668
"688" 2e+07 30 2 1e+07 0.0032565 0.0032565 "psmcSim1" 0.699181592267686
"689" 2e+07 30 32 625000 0.0032565 0.0032565 "psmcSim1" 0.673065348146174
"690" 2e+07 30 4 5e+06 0.0032565 0.0032565 "psmcSim1" 0.70494074621509
"691" 2e+07 30 512 39063 0.0032565 0.0032565 "psmcSim1" 1.17795845611235
"692" 2e+07 30 64 312500 0.0032565 0.0032565 "psmcSim1" 0.776774015094183
"693" 2e+07 30 8 2500000 0.0032565 0.0032565 "psmcSim1" 0.709668529976047
"694" 2e+07 40 1024 19532 0.0032565 0.0032565 "psmcSim1" 0.934634801626958
"695" 2e+07 40 128 156250 0.0032565 0.0032565 "psmcSim1" 0.719058800195635
"696" 2e+07 40 16 1250000 0.0032565 0.0032565 "psmcSim1" 0.659611063130276
"697" 2e+07 40 1 2e+07 0.0032565 0.0032565 "psmcSim1" 0.69187790207309
"698" 2e+07 40 256 78125 0.0032565 0.0032565 "psmcSim1" 0.976503725193239
"699" 2e+07 40 2 1e+07 0.0032565 0.0032565 "psmcSim1" 0.701246360867259
"700" 2e+07 40 32 625000 0.0032565 0.0032565 "psmcSim1" 0.62945721434615
"701" 2e+07 40 4 5e+06 0.0032565 0.0032565 "psmcSim1" 0.681128979296611
"702" 2e+07 40 512 39063 0.0032565 0.0032565 "psmcSim1" 1.08148428471628
"703" 2e+07 40 64 312500 0.0032565 0.0032565 "psmcSim1" 0.704873671679135
"704" 2e+07 40 8 2500000 0.0032565 0.0032565 "psmcSim1" 0.71595448256593
"705" 5e+06 10 1024 4883 0.013026 0.013026 "psmcSim1" 0.851970899078314
"706" 5e+06 10 128 39063 0.013026 0.013026 "psmcSim1" 0.785932197900006
"707" 5e+06 10 16 312500 0.013026 0.013026 "psmcSim1" 0.573042210471931
"708" 5e+06 10 1 5e+06 0.013026 0.013026 "psmcSim1" 0.493671274793826
"709" 5e+06 10 256 19532 0.013026 0.013026 "psmcSim1" 0.66374505925512
"710" 5e+06 10 2 2500000 0.013026 0.013026 "psmcSim1" 0.513242085986842
"711" 5e+06 10 32 156250 0.013026 0.013026 "psmcSim1" 0.492451966114539
"712" 5e+06 10 4 1250000 0.013026 0.013026 "psmcSim1" 0.488854460177679
"713" 5e+06 10 512 9766 0.013026 0.013026 "psmcSim1" 1.58162497272175
"714" 5e+06 10 64 78125 0.013026 0.013026 "psmcSim1" 0.9602630761837
"715" 5e+06 10 8 625000 0.013026 0.013026 "psmcSim1" 0.4350275320788
"716" 5e+06 20 1024 4883 0.013026 0.013026 "psmcSim1" 0.457486532879825
"717" 5e+06 20 128 39063 0.013026 0.013026 "psmcSim1" 2.49799116848467
"718" 5e+06 20 16 312500 0.013026 0.013026 "psmcSim1" 1.37736811847654
"719" 5e+06 20 1 5e+06 0.013026 0.013026 "psmcSim1" 2.2534735185045
"720" 5e+06 20 256 19532 0.013026 0.013026 "psmcSim1" 1.62715637419265
"721" 5e+06 20 2 2500000 0.013026 0.013026 "psmcSim1" 2.25933593377857
"722" 5e+06 20 32 156250 0.013026 0.013026 "psmcSim1" 1.23626342686091
"723" 5e+06 20 4 1250000 0.013026 0.013026 "psmcSim1" 2.06531121948344
"724" 5e+06 20 512 9766 0.013026 0.013026 "psmcSim1" 0.313406784349767
"725" 5e+06 20 64 78125 0.013026 0.013026 "psmcSim1" 1.69161674502917
"726" 5e+06 20 8 625000 0.013026 0.013026 "psmcSim1" 1.84781374860848
"727" 5e+06 30 1024 4883 0.013026 0.013026 "psmcSim1" 1.58691196623707
"728" 5e+06 30 128 39063 0.013026 0.013026 "psmcSim1" 4.93592274656751
"729" 5e+06 30 16 312500 0.013026 0.013026 "psmcSim1" 3.7369546379816
"730" 5e+06 30 1 5e+06 0.013026 0.013026 "psmcSim1" 3.32207166788233
"731" 5e+06 30 256 19532 0.013026 0.013026 "psmcSim1" 3.77707234133436
"732" 5e+06 30 2 2500000 0.013026 0.013026 "psmcSim1" 3.30862336355823
"733" 5e+06 30 32 156250 0.013026 0.013026 "psmcSim1" 4.67060506930389
"734" 5e+06 30 4 1250000 0.013026 0.013026 "psmcSim1" 3.37389723462975
"735" 5e+06 30 512 9766 0.013026 0.013026 "psmcSim1" 2.89073542013061
"736" 5e+06 30 64 78125 0.013026 0.013026 "psmcSim1" 3.95028008338857
"737" 5e+06 30 8 625000 0.013026 0.013026 "psmcSim1" 3.45816414006502
"738" 5e+06 40 1024 4883 0.013026 0.013026 "psmcSim1" 0.748331137256765
"739" 5e+06 40 128 39063 0.013026 0.013026 "psmcSim1" 3.18413563896633
"740" 5e+06 40 16 312500 0.013026 0.013026 "psmcSim1" 2.49099671027749
"741" 5e+06 40 1 5e+06 0.013026 0.013026 "psmcSim1" 2.88806829293147
"742" 5e+06 40 256 19532 0.013026 0.013026 "psmcSim1" 2.27499220324594
"743" 5e+06 40 2 2500000 0.013026 0.013026 "psmcSim1" 3.12801964414757
"744" 5e+06 40 32 156250 0.013026 0.013026 "psmcSim1" 2.88219616008555
"745" 5e+06 40 4 1250000 0.013026 0.013026 "psmcSim1" 3.02887097446293
"746" 5e+06 40 512 9766 0.013026 0.013026 "psmcSim1" 1.31898158500067
"747" 5e+06 40 64 78125 0.013026 0.013026 "psmcSim1" 2.38957985882344
"748" 5e+06 40 8 625000 0.013026 0.013026 "psmcSim1" 2.87780308002373
"749" 5e+05 10 1024 489 0.13026 0.13026 "psmcSim1" 2.64162570245716
"750" 5e+05 10 128 3907 0.13026 0.13026 "psmcSim1" 2.64162570245716
"751" 5e+05 10 16 31250 0.13026 0.13026 "psmcSim1" 2.64162570245716
"752" 5e+05 10 1 5e+05 0.13026 0.13026 "psmcSim1" 2.64162570245716
"753" 5e+05 10 256 1954 0.13026 0.13026 "psmcSim1" 2.64162570245716
"754" 5e+05 10 2 250000 0.13026 0.13026 "psmcSim1" 2.64162570245716
"755" 5e+05 10 32 15625 0.13026 0.13026 "psmcSim1" 2.64162570245716
"756" 5e+05 10 4 125000 0.13026 0.13026 "psmcSim1" 2.64162570245716
"757" 5e+05 10 512 977 0.13026 0.13026 "psmcSim1" 2.64162570245716
"758" 5e+05 10 64 7813 0.13026 0.13026 "psmcSim1" 2.64162570245716
"759" 5e+05 10 8 62500 0.13026 0.13026 "psmcSim1" 2.64162570245716
"760" 5e+05 20 1024 489 0.13026 0.13026 "psmcSim1" 2.64162570245716
"761" 5e+05 20 128 3907 0.13026 0.13026 "psmcSim1" 2.64162570245716
"762" 5e+05 20 16 31250 0.13026 0.13026 "psmcSim1" 2.64162570245716
"763" 5e+05 20 1 5e+05 0.13026 0.13026 "psmcSim1" 2.64162570245716
"764" 5e+05 20 256 1954 0.13026 0.13026 "psmcSim1" 2.64162570245716
"765" 5e+05 20 2 250000 0.13026 0.13026 "psmcSim1" 2.64162570245716
"766" 5e+05 20 32 15625 0.13026 0.13026 "psmcSim1" 2.64162570245716
"767" 5e+05 20 4 125000 0.13026 0.13026 "psmcSim1" 2.64162570245716
"768" 5e+05 20 512 977 0.13026 0.13026 "psmcSim1" 2.64162570245716
"769" 5e+05 20 64 7813 0.13026 0.13026 "psmcSim1" 2.64162570245716
"770" 5e+05 20 8 62500 0.13026 0.13026 "psmcSim1" 2.64162570245716
"771" 5e+05 30 1024 489 0.13026 0.13026 "psmcSim1" 2.64162570245716
"772" 5e+05 30 128 3907 0.13026 0.13026 "psmcSim1" 2.64162570245716
"773" 5e+05 30 16 31250 0.13026 0.13026 "psmcSim1" 2.64162570245716
"774" 5e+05 30 1 5e+05 0.13026 0.13026 "psmcSim1" 2.64162570245716
"775" 5e+05 30 256 1954 0.13026 0.13026 "psmcSim1" 2.64162570245716
"776" 5e+05 30 2 250000 0.13026 0.13026 "psmcSim1" 2.64162570245716
"777" 5e+05 30 32 15625 0.13026 0.13026 "psmcSim1" 2.64162570245716
"778" 5e+05 30 4 125000 0.13026 0.13026 "psmcSim1" 2.64162570245716
"779" 5e+05 30 512 977 0.13026 0.13026 "psmcSim1" 2.64162570245716
"780" 5e+05 30 64 7813 0.13026 0.13026 "psmcSim1" 2.64162570245716
"781" 5e+05 30 8 62500 0.13026 0.13026 "psmcSim1" 2.64162570245716
"782" 5e+05 40 1024 489 0.13026 0.13026 "psmcSim1" 2.64162570245716
"783" 5e+05 40 128 3907 0.13026 0.13026 "psmcSim1" 2.64162570245716
"784" 5e+05 40 16 31250 0.13026 0.13026 "psmcSim1" 2.64162570245716
"785" 5e+05 40 1 5e+05 0.13026 0.13026 "psmcSim1" 2.64162570245716
"786" 5e+05 40 256 1954 0.13026 0.13026 "psmcSim1" 2.64162570245716
"787" 5e+05 40 2 250000 0.13026 0.13026 "psmcSim1" 2.64162570245716
"788" 5e+05 40 32 15625 0.13026 0.13026 "psmcSim1" 2.64162570245716
"789" 5e+05 40 4 125000 0.13026 0.13026 "psmcSim1" 2.64162570245716
"790" 5e+05 40 512 977 0.13026 0.13026 "psmcSim1" 2.64162570245716
"791" 5e+05 40 64 7813 0.13026 0.13026 "psmcSim1" 2.64162570245716
"792" 5e+05 40 8 62500 0.13026 0.13026 "psmcSim1" 2.64162570245716
"793" 1e+07 10 1024 9766 0.006513 0.006513 "psmcSim2" 3.1445018371226
"794" 1e+07 10 128 78125 0.006513 0.006513 "psmcSim2" 3.02500717698262
"795" 1e+07 10 16 625000 0.006513 0.006513 "psmcSim2" 3.00316925404078
"796" 1e+07 10 1 1e+07 0.006513 0.006513 "psmcSim2" 2.96933936085189
"797" 1e+07 10 256 39063 0.006513 0.006513 "psmcSim2" 3.09386103332142
"798" 1e+07 10 2 5e+06 0.006513 0.006513 "psmcSim2" 2.96990311913334
"799" 1e+07 10 32 312500 0.006513 0.006513 "psmcSim2" 3.04351140374604
"800" 1e+07 10 4 2500000 0.006513 0.006513 "psmcSim2" 2.95635188415493
"801" 1e+07 10 512 19532 0.006513 0.006513 "psmcSim2" 3.03423231029619
"802" 1e+07 10 64 156250 0.006513 0.006513 "psmcSim2" 3.03911454873612
"803" 1e+07 10 8 1250000 0.006513 0.006513 "psmcSim2" 2.96178109112626
"804" 1e+07 20 1024 9766 0.006513 0.006513 "psmcSim2" 2.79680250130224
"805" 1e+07 20 128 78125 0.006513 0.006513 "psmcSim2" 2.78201361220234
"806" 1e+07 20 16 625000 0.006513 0.006513 "psmcSim2" 2.68914567503016
"807" 1e+07 20 1 1e+07 0.006513 0.006513 "psmcSim2" 2.68523705948977
"808" 1e+07 20 256 39063 0.006513 0.006513 "psmcSim2" 2.77491363663392
"809" 1e+07 20 2 5e+06 0.006513 0.006513 "psmcSim2" 2.69028107963406
"810" 1e+07 20 32 312500 0.006513 0.006513 "psmcSim2" 2.69580075271239
"811" 1e+07 20 4 2500000 0.006513 0.006513 "psmcSim2" 2.68789096674335
"812" 1e+07 20 512 19532 0.006513 0.006513 "psmcSim2" 2.83858060734519
"813" 1e+07 20 64 156250 0.006513 0.006513 "psmcSim2" 2.72006740534983
"814" 1e+07 20 8 1250000 0.006513 0.006513 "psmcSim2" 2.69579321796547
"815" 1e+07 30 1024 9766 0.006513 0.006513 "psmcSim2" 2.19252255309157
"816" 1e+07 30 128 78125 0.006513 0.006513 "psmcSim2" 2.14457516451983
"817" 1e+07 30 16 625000 0.006513 0.006513 "psmcSim2" 2.06265809212845
"818" 1e+07 30 1 1e+07 0.006513 0.006513 "psmcSim2" 2.06644439979553
"819" 1e+07 30 256 39063 0.006513 0.006513 "psmcSim2" 2.15346007944531
"820" 1e+07 30 2 5e+06 0.006513 0.006513 "psmcSim2" 2.06790860945682
"821" 1e+07 30 32 312500 0.006513 0.006513 "psmcSim2" 2.09815542451463
"822" 1e+07 30 4 2500000 0.006513 0.006513 "psmcSim2" 2.06965881607251
"823" 1e+07 30 512 19532 0.006513 0.006513 "psmcSim2" 2.10514833492986
"824" 1e+07 30 64 156250 0.006513 0.006513 "psmcSim2" 2.12689437150309
"825" 1e+07 30 8 1250000 0.006513 0.006513 "psmcSim2" 2.05731074290408
"826" 1e+07 40 1024 9766 0.006513 0.006513 "psmcSim2" 2.79536977143789
"827" 1e+07 40 128 78125 0.006513 0.006513 "psmcSim2" 2.75404826899339
"828" 1e+07 40 16 625000 0.006513 0.006513 "psmcSim2" 2.71785364426837
"829" 1e+07 40 1 1e+07 0.006513 0.006513 "psmcSim2" 2.68496606684854
"830" 1e+07 40 256 39063 0.006513 0.006513 "psmcSim2" 2.69967307313999
"831" 1e+07 40 2 5e+06 0.006513 0.006513 "psmcSim2" 2.71729065499594
"832" 1e+07 40 32 312500 0.006513 0.006513 "psmcSim2" 2.72031026041391
"833" 1e+07 40 4 2500000 0.006513 0.006513 "psmcSim2" 2.69078950879722
"834" 1e+07 40 512 19532 0.006513 0.006513 "psmcSim2" 2.64234620262635
"835" 1e+07 40 64 156250 0.006513 0.006513 "psmcSim2" 2.73442543039675
"836" 1e+07 40 8 1250000 0.006513 0.006513 "psmcSim2" 2.68755709409569
"837" 1e+06 10 1024 977 0.06513 0.06513 "psmcSim2" 3.76597298480434
"838" 1e+06 10 128 7813 0.06513 0.06513 "psmcSim2" 3.76597298480434
"839" 1e+06 10 16 62500 0.06513 0.06513 "psmcSim2" 3.76597298480434
"840" 1e+06 10 1 1e+06 0.06513 0.06513 "psmcSim2" 3.76597298480434
"841" 1e+06 10 256 3907 0.06513 0.06513 "psmcSim2" 3.76597298480434
"842" 1e+06 10 2 5e+05 0.06513 0.06513 "psmcSim2" 3.76597298480434
"843" 1e+06 10 32 31250 0.06513 0.06513 "psmcSim2" 3.76597298480434
"844" 1e+06 10 4 250000 0.06513 0.06513 "psmcSim2" 3.76597298480434
"845" 1e+06 10 512 1954 0.06513 0.06513 "psmcSim2" 3.76597298480434
"846" 1e+06 10 64 15625 0.06513 0.06513 "psmcSim2" 3.76597298480434
"847" 1e+06 10 8 125000 0.06513 0.06513 "psmcSim2" 3.76597298480434
"848" 1e+06 20 1024 977 0.06513 0.06513 "psmcSim2" 3.76597298480434
"849" 1e+06 20 128 7813 0.06513 0.06513 "psmcSim2" 3.76597298480434
"850" 1e+06 20 16 62500 0.06513 0.06513 "psmcSim2" 3.76597298480434
"851" 1e+06 20 1 1e+06 0.06513 0.06513 "psmcSim2" 3.76597298480434
"852" 1e+06 20 256 3907 0.06513 0.06513 "psmcSim2" 3.76597298480434
"853" 1e+06 20 2 5e+05 0.06513 0.06513 "psmcSim2" 3.76597298480434
"854" 1e+06 20 32 31250 0.06513 0.06513 "psmcSim2" 3.76597298480434
"855" 1e+06 20 4 250000 0.06513 0.06513 "psmcSim2" 3.76597298480434
"856" 1e+06 20 512 1954 0.06513 0.06513 "psmcSim2" 3.76597298480434
"857" 1e+06 20 64 15625 0.06513 0.06513 "psmcSim2" 3.76597298480434
"858" 1e+06 20 8 125000 0.06513 0.06513 "psmcSim2" 3.76597298480434
"859" 1e+06 30 1024 977 0.06513 0.06513 "psmcSim2" 3.76597298480434
"860" 1e+06 30 128 7813 0.06513 0.06513 "psmcSim2" 3.76597298480434
"861" 1e+06 30 16 62500 0.06513 0.06513 "psmcSim2" 3.76597298480434
"862" 1e+06 30 1 1e+06 0.06513 0.06513 "psmcSim2" 3.76597298480434
"863" 1e+06 30 256 3907 0.06513 0.06513 "psmcSim2" 3.76597298480434
"864" 1e+06 30 2 5e+05 0.06513 0.06513 "psmcSim2" 3.76597298480434
"865" 1e+06 30 32 31250 0.06513 0.06513 "psmcSim2" 3.76597298480434
"866" 1e+06 30 4 250000 0.06513 0.06513 "psmcSim2" 3.76597298480434
"867" 1e+06 30 512 1954 0.06513 0.06513 "psmcSim2" 3.76597298480434
"868" 1e+06 30 64 15625 0.06513 0.06513 "psmcSim2" 3.76597298480434
"869" 1e+06 30 8 125000 0.06513 0.06513 "psmcSim2" 3.76597298480434
"870" 1e+06 40 1024 977 0.06513 0.06513 "psmcSim2" 3.76597298480434
"871" 1e+06 40 128 7813 0.06513 0.06513 "psmcSim2" 3.76597298480434
"872" 1e+06 40 16 62500 0.06513 0.06513 "psmcSim2" 3.76597298480434
"873" 1e+06 40 1 1e+06 0.06513 0.06513 "psmcSim2" 3.76597298480434
"874" 1e+06 40 256 3907 0.06513 0.06513 "psmcSim2" 3.76597298480434
"875" 1e+06 40 2 5e+05 0.06513 0.06513 "psmcSim2" 3.76597298480434
"876" 1e+06 40 32 31250 0.06513 0.06513 "psmcSim2" 3.76597298480434
"877" 1e+06 40 4 250000 0.06513 0.06513 "psmcSim2" 3.76597298480434
"878" 1e+06 40 512 1954 0.06513 0.06513 "psmcSim2" 3.76597298480434
"879" 1e+06 40 64 15625 0.06513 0.06513 "psmcSim2" 3.76597298480434
"880" 1e+06 40 8 125000 0.06513 0.06513 "psmcSim2" 3.76597298480434
"881" 1e+05 10 1024 98 0.6513 0.6513 "psmcSim2" 3.76597298480434
"882" 1e+05 10 128 782 0.6513 0.6513 "psmcSim2" 3.76597298480434
"883" 1e+05 10 16 6250 0.6513 0.6513 "psmcSim2" 3.76597298480434
"884" 1e+05 10 1 1e+05 0.6513 0.6513 "psmcSim2" 3.76597298480434
"885" 1e+05 10 256 391 0.6513 0.6513 "psmcSim2" 3.76597298480434
"886" 1e+05 10 2 50000 0.6513 0.6513 "psmcSim2" 3.76597298480434
"887" 1e+05 10 32 3125 0.6513 0.6513 "psmcSim2" 3.76597298480434
"888" 1e+05 10 4 25000 0.6513 0.6513 "psmcSim2" 3.76597298480434
"889" 1e+05 10 512 196 0.6513 0.6513 "psmcSim2" 3.76597298480434
"890" 1e+05 10 64 1563 0.6513 0.6513 "psmcSim2" 3.76597298480434
"891" 1e+05 10 8 12500 0.6513 0.6513 "psmcSim2" 3.76597298480434
"892" 1e+05 20 1024 98 0.6513 0.6513 "psmcSim2" 3.76597298480434
"893" 1e+05 20 128 782 0.6513 0.6513 "psmcSim2" 3.76597298480434
"894" 1e+05 20 16 6250 0.6513 0.6513 "psmcSim2" 3.76597298480434
"895" 1e+05 20 1 1e+05 0.6513 0.6513 "psmcSim2" 3.76597298480434
"896" 1e+05 20 256 391 0.6513 0.6513 "psmcSim2" 3.76597298480434
"897" 1e+05 20 2 50000 0.6513 0.6513 "psmcSim2" 3.76597298480434
"898" 1e+05 20 32 3125 0.6513 0.6513 "psmcSim2" 3.76597298480434
"899" 1e+05 20 4 25000 0.6513 0.6513 "psmcSim2" 3.76597298480434
"900" 1e+05 20 512 196 0.6513 0.6513 "psmcSim2" 3.76597298480434
"901" 1e+05 20 64 1563 0.6513 0.6513 "psmcSim2" 3.76597298480434
"902" 1e+05 20 8 12500 0.6513 0.6513 "psmcSim2" 3.76597298480434
"903" 1e+05 30 1024 98 0.6513 0.6513 "psmcSim2" 3.76597298480434
"904" 1e+05 30 128 782 0.6513 0.6513 "psmcSim2" 3.76597298480434
"905" 1e+05 30 16 6250 0.6513 0.6513 "psmcSim2" 3.76597298480434
"906" 1e+05 30 1 1e+05 0.6513 0.6513 "psmcSim2" 3.76597298480434
"907" 1e+05 30 256 391 0.6513 0.6513 "psmcSim2" 3.76597298480434
"908" 1e+05 30 2 50000 0.6513 0.6513 "psmcSim2" 3.76597298480434
"909" 1e+05 30 32 3125 0.6513 0.6513 "psmcSim2" 3.76597298480434
"910" 1e+05 30 4 25000 0.6513 0.6513 "psmcSim2" 3.76597298480434
"911" 1e+05 30 512 196 0.6513 0.6513 "psmcSim2" 3.76597298480434
"912" 1e+05 30 64 1563 0.6513 0.6513 "psmcSim2" 3.76597298480434
"913" 1e+05 30 8 12500 0.6513 0.6513 "psmcSim2" 3.76597298480434
"914" 1e+05 40 1024 98 0.6513 0.6513 "psmcSim2" 3.76597298480434
"915" 1e+05 40 128 782 0.6513 0.6513 "psmcSim2" 3.76597298480434
"916" 1e+05 40 16 6250 0.6513 0.6513 "psmcSim2" 3.76597298480434
"917" 1e+05 40 1 1e+05 0.6513 0.6513 "psmcSim2" 3.76597298480434
"918" 1e+05 40 256 391 0.6513 0.6513 "psmcSim2" 3.76597298480434
"919" 1e+05 40 2 50000 0.6513 0.6513 "psmcSim2" 3.76597298480434
"920" 1e+05 40 32 3125 0.6513 0.6513 "psmcSim2" 3.76597298480434
"921" 1e+05 40 4 25000 0.6513 0.6513 "psmcSim2" 3.76597298480434
"922" 1e+05 40 512 196 0.6513 0.6513 "psmcSim2" 3.76597298480434
"923" 1e+05 40 64 1563 0.6513 0.6513 "psmcSim2" 3.76597298480434
"924" 1e+05 40 8 12500 0.6513 0.6513 "psmcSim2" 3.76597298480434
"925" 2e+07 10 1024 19532 0.0032565 0.0032565 "psmcSim2" 3.76597298480434
"926" 2e+07 10 128 156250 0.0032565 0.0032565 "psmcSim2" 3.76597298480434
"927" 2e+07 10 16 1250000 0.0032565 0.0032565 "psmcSim2" 3.76597298480434
"928" 2e+07 10 1 2e+07 0.0032565 0.0032565 "psmcSim2" 3.76597298480434
"929" 2e+07 10 256 78125 0.0032565 0.0032565 "psmcSim2" 3.76597298480434
"930" 2e+07 10 2 1e+07 0.0032565 0.0032565 "psmcSim2" 3.76597298480434
"931" 2e+07 10 32 625000 0.0032565 0.0032565 "psmcSim2" 3.76597298480434
"932" 2e+07 10 4 5e+06 0.0032565 0.0032565 "psmcSim2" 3.76597298480434
"933" 2e+07 10 512 39063 0.0032565 0.0032565 "psmcSim2" 3.76597298480434
"934" 2e+07 10 64 312500 0.0032565 0.0032565 "psmcSim2" 3.76597298480434
"935" 2e+07 10 8 2500000 0.0032565 0.0032565 "psmcSim2" 3.76597298480434
"936" 2e+07 20 1024 19532 0.0032565 0.0032565 "psmcSim2" 3.76597298480434
"937" 2e+07 20 128 156250 0.0032565 0.0032565 "psmcSim2" 3.76597298480434
"938" 2e+07 20 16 1250000 0.0032565 0.0032565 "psmcSim2" 3.76597298480434
"939" 2e+07 20 1 2e+07 0.0032565 0.0032565 "psmcSim2" 3.76597298480434
"940" 2e+07 20 256 78125 0.0032565 0.0032565 "psmcSim2" 3.76597298480434
"941" 2e+07 20 2 1e+07 0.0032565 0.0032565 "psmcSim2" 3.76597298480434
"942" 2e+07 20 32 625000 0.0032565 0.0032565 "psmcSim2" 3.76597298480434
"943" 2e+07 20 4 5e+06 0.0032565 0.0032565 "psmcSim2" 3.76597298480434
"944" 2e+07 20 512 39063 0.0032565 0.0032565 "psmcSim2" 3.76597298480434
"945" 2e+07 20 64 312500 0.0032565 0.0032565 "psmcSim2" 3.76597298480434
"946" 2e+07 20 8 2500000 0.0032565 0.0032565 "psmcSim2" 3.76597298480434
"947" 2e+07 30 1024 19532 0.0032565 0.0032565 "psmcSim2" 3.76597298480434
"948" 2e+07 30 128 156250 0.0032565 0.0032565 "psmcSim2" 3.76597298480434
"949" 2e+07 30 16 1250000 0.0032565 0.0032565 "psmcSim2" 3.76597298480434
"950" 2e+07 30 1 2e+07 0.0032565 0.0032565 "psmcSim2" 3.76597298480434
"951" 2e+07 30 256 78125 0.0032565 0.0032565 "psmcSim2" 3.76597298480434
"952" 2e+07 30 2 1e+07 0.0032565 0.0032565 "psmcSim2" 3.76597298480434
"953" 2e+07 30 32 625000 0.0032565 0.0032565 "psmcSim2" 3.76597298480434
"954" 2e+07 30 4 5e+06 0.0032565 0.0032565 "psmcSim2" 3.76597298480434
"955" 2e+07 30 512 39063 0.0032565 0.0032565 "psmcSim2" 3.76597298480434
"956" 2e+07 30 64 312500 0.0032565 0.0032565 "psmcSim2" 3.76597298480434
"957" 2e+07 30 8 2500000 0.0032565 0.0032565 "psmcSim2" 3.76597298480434
"958" 2e+07 40 1024 19532 0.0032565 0.0032565 "psmcSim2" 3.76597298480434
"959" 2e+07 40 128 156250 0.0032565 0.0032565 "psmcSim2" 3.76597298480434
"960" 2e+07 40 16 1250000 0.0032565 0.0032565 "psmcSim2" 3.76597298480434
"961" 2e+07 40 1 2e+07 0.0032565 0.0032565 "psmcSim2" 3.76597298480434
"962" 2e+07 40 256 78125 0.0032565 0.0032565 "psmcSim2" 3.76597298480434
"963" 2e+07 40 2 1e+07 0.0032565 0.0032565 "psmcSim2" 3.76597298480434
"964" 2e+07 40 32 625000 0.0032565 0.0032565 "psmcSim2" 3.76597298480434
"965" 2e+07 40 4 5e+06 0.0032565 0.0032565 "psmcSim2" 3.76597298480434
"966" 2e+07 40 512 39063 0.0032565 0.0032565 "psmcSim2" 3.76597298480434
"967" 2e+07 40 64 312500 0.0032565 0.0032565 "psmcSim2" 3.76597298480434
"968" 2e+07 40 8 2500000 0.0032565 0.0032565 "psmcSim2" 3.76597298480434
"969" 5e+06 10 1024 4883 0.013026 0.013026 "psmcSim2" 3.76597298480434
"970" 5e+06 10 128 39063 0.013026 0.013026 "psmcSim2" 3.76597298480434
"971" 5e+06 10 16 312500 0.013026 0.013026 "psmcSim2" 3.76597298480434
"972" 5e+06 10 1 5e+06 0.013026 0.013026 "psmcSim2" 3.76597298480434
"973" 5e+06 10 256 19532 0.013026 0.013026 "psmcSim2" 3.76597298480434
"974" 5e+06 10 2 2500000 0.013026 0.013026 "psmcSim2" 3.76597298480434
"975" 5e+06 10 32 156250 0.013026 0.013026 "psmcSim2" 3.76597298480434
"976" 5e+06 10 4 1250000 0.013026 0.013026 "psmcSim2" 3.76597298480434
"977" 5e+06 10 512 9766 0.013026 0.013026 "psmcSim2" 3.76597298480434
"978" 5e+06 10 64 78125 0.013026 0.013026 "psmcSim2" 3.76597298480434
"979" 5e+06 10 8 625000 0.013026 0.013026 "psmcSim2" 3.76597298480434
"980" 5e+06 20 1024 4883 0.013026 0.013026 "psmcSim2" 3.76597298480434
"981" 5e+06 20 128 39063 0.013026 0.013026 "psmcSim2" 3.76597298480434
"982" 5e+06 20 16 312500 0.013026 0.013026 "psmcSim2" 3.76597298480434
"983" 5e+06 20 1 5e+06 0.013026 0.013026 "psmcSim2" 3.76597298480434
"984" 5e+06 20 256 19532 0.013026 0.013026 "psmcSim2" 3.76597298480434
"985" 5e+06 20 2 2500000 0.013026 0.013026 "psmcSim2" 3.76597298480434
"986" 5e+06 20 32 156250 0.013026 0.013026 "psmcSim2" 3.76597298480434
"987" 5e+06 20 4 1250000 0.013026 0.013026 "psmcSim2" 3.76597298480434
"988" 5e+06 20 512 9766 0.013026 0.013026 "psmcSim2" 3.76597298480434
"989" 5e+06 20 64 78125 0.013026 0.013026 "psmcSim2" 3.76597298480434
"990" 5e+06 20 8 625000 0.013026 0.013026 "psmcSim2" 3.76597298480434
"991" 5e+06 30 1024 4883 0.013026 0.013026 "psmcSim2" 3.76597298480434
"992" 5e+06 30 128 39063 0.013026 0.013026 "psmcSim2" 3.76597298480434
"993" 5e+06 30 16 312500 0.013026 0.013026 "psmcSim2" 3.76597298480434
"994" 5e+06 30 1 5e+06 0.013026 0.013026 "psmcSim2" 3.76597298480434
"995" 5e+06 30 256 19532 0.013026 0.013026 "psmcSim2" 3.76597298480434
"996" 5e+06 30 2 2500000 0.013026 0.013026 "psmcSim2" 3.76597298480434
"997" 5e+06 30 32 156250 0.013026 0.013026 "psmcSim2" 3.76597298480434
"998" 5e+06 30 4 1250000 0.013026 0.013026 "psmcSim2" 3.76597298480434
"999" 5e+06 30 512 9766 0.013026 0.013026 "psmcSim2" 3.76597298480434
"1000" 5e+06 30 64 78125 0.013026 0.013026 "psmcSim2" 3.76597298480434
"1001" 5e+06 30 8 625000 0.013026 0.013026 "psmcSim2" 3.76597298480434
"1002" 5e+06 40 1024 4883 0.013026 0.013026 "psmcSim2" 3.76597298480434
"1003" 5e+06 40 128 39063 0.013026 0.013026 "psmcSim2" 3.76597298480434
"1004" 5e+06 40 16 312500 0.013026 0.013026 "psmcSim2" 3.76597298480434
"1005" 5e+06 40 1 5e+06 0.013026 0.013026 "psmcSim2" 3.76597298480434
"1006" 5e+06 40 256 19532 0.013026 0.013026 "psmcSim2" 3.76597298480434
"1007" 5e+06 40 2 2500000 0.013026 0.013026 "psmcSim2" 3.76597298480434
"1008" 5e+06 40 32 156250 0.013026 0.013026 "psmcSim2" 3.76597298480434
"1009" 5e+06 40 4 1250000 0.013026 0.013026 "psmcSim2" 3.76597298480434
"1010" 5e+06 40 512 9766 0.013026 0.013026 "psmcSim2" 3.76597298480434
"1011" 5e+06 40 64 78125 0.013026 0.013026 "psmcSim2" 3.76597298480434
"1012" 5e+06 40 8 625000 0.013026 0.013026 "psmcSim2" 3.76597298480434
"1013" 5e+05 10 1024 489 0.13026 0.13026 "psmcSim2" 3.76597298480434
"1014" 5e+05 10 128 3907 0.13026 0.13026 "psmcSim2" 3.76597298480434
"1015" 5e+05 10 16 31250 0.13026 0.13026 "psmcSim2" 3.76597298480434
"1016" 5e+05 10 1 5e+05 0.13026 0.13026 "psmcSim2" 3.76597298480434
"1017" 5e+05 10 256 1954 0.13026 0.13026 "psmcSim2" 3.76597298480434
"1018" 5e+05 10 2 250000 0.13026 0.13026 "psmcSim2" 3.76597298480434
"1019" 5e+05 10 32 15625 0.13026 0.13026 "psmcSim2" 3.76597298480434
"1020" 5e+05 10 4 125000 0.13026 0.13026 "psmcSim2" 3.76597298480434
"1021" 5e+05 10 512 977 0.13026 0.13026 "psmcSim2" 3.76597298480434
"1022" 5e+05 10 64 7813 0.13026 0.13026 "psmcSim2" 3.76597298480434
"1023" 5e+05 10 8 62500 0.13026 0.13026 "psmcSim2" 3.76597298480434
"1024" 5e+05 20 1024 489 0.13026 0.13026 "psmcSim2" 3.76597298480434
"1025" 5e+05 20 128 3907 0.13026 0.13026 "psmcSim2" 3.76597298480434
"1026" 5e+05 20 16 31250 0.13026 0.13026 "psmcSim2" 3.76597298480434
"1027" 5e+05 20 1 5e+05 0.13026 0.13026 "psmcSim2" 3.76597298480434
"1028" 5e+05 20 256 1954 0.13026 0.13026 "psmcSim2" 3.76597298480434
"1029" 5e+05 20 2 250000 0.13026 0.13026 "psmcSim2" 3.76597298480434
"1030" 5e+05 20 32 15625 0.13026 0.13026 "psmcSim2" 3.76597298480434
"1031" 5e+05 20 4 125000 0.13026 0.13026 "psmcSim2" 3.76597298480434
"1032" 5e+05 20 512 977 0.13026 0.13026 "psmcSim2" 3.76597298480434
"1033" 5e+05 20 64 7813 0.13026 0.13026 "psmcSim2" 3.76597298480434
"1034" 5e+05 20 8 62500 0.13026 0.13026 "psmcSim2" 3.76597298480434
"1035" 5e+05 30 1024 489 0.13026 0.13026 "psmcSim2" 3.76597298480434
"1036" 5e+05 30 128 3907 0.13026 0.13026 "psmcSim2" 3.76597298480434
"1037" 5e+05 30 16 31250 0.13026 0.13026 "psmcSim2" 3.76597298480434
"1038" 5e+05 30 1 5e+05 0.13026 0.13026 "psmcSim2" 3.76597298480434
"1039" 5e+05 30 256 1954 0.13026 0.13026 "psmcSim2" 3.76597298480434
"1040" 5e+05 30 2 250000 0.13026 0.13026 "psmcSim2" 3.76597298480434
"1041" 5e+05 30 32 15625 0.13026 0.13026 "psmcSim2" 3.76597298480434
"1042" 5e+05 30 4 125000 0.13026 0.13026 "psmcSim2" 3.76597298480434
"1043" 5e+05 30 512 977 0.13026 0.13026 "psmcSim2" 3.76597298480434
"1044" 5e+05 30 64 7813 0.13026 0.13026 "psmcSim2" 3.76597298480434
"1045" 5e+05 30 8 62500 0.13026 0.13026 "psmcSim2" 3.76597298480434
"1046" 5e+05 40 1024 489 0.13026 0.13026 "psmcSim2" 3.76597298480434
"1047" 5e+05 40 128 3907 0.13026 0.13026 "psmcSim2" 3.76597298480434
"1048" 5e+05 40 16 31250 0.13026 0.13026 "psmcSim2" 3.76597298480434
"1049" 5e+05 40 1 5e+05 0.13026 0.13026 "psmcSim2" 3.76597298480434
"1050" 5e+05 40 256 1954 0.13026 0.13026 "psmcSim2" 3.76597298480434
"1051" 5e+05 40 2 250000 0.13026 0.13026 "psmcSim2" 3.76597298480434
"1052" 5e+05 40 32 15625 0.13026 0.13026 "psmcSim2" 3.76597298480434
"1053" 5e+05 40 4 125000 0.13026 0.13026 "psmcSim2" 3.76597298480434
"1054" 5e+05 40 512 977 0.13026 0.13026 "psmcSim2" 3.76597298480434
"1055" 5e+05 40 64 7813 0.13026 0.13026 "psmcSim2" 3.76597298480434
"1056" 5e+05 40 8 62500 0.13026 0.13026 "psmcSim2" 3.76597298480434
"1057" 1e+07 10 1024 9766 0.006513 0.006513 "trench" 2.96394064779033
"1058" 1e+07 10 128 78125 0.006513 0.006513 "trench" 2.91845289504112
"1059" 1e+07 10 16 625000 0.006513 0.006513 "trench" 2.91299131012804
"1060" 1e+07 10 1 1e+07 0.006513 0.006513 "trench" 2.91173996729308
"1061" 1e+07 10 256 39063 0.006513 0.006513 "trench" 2.91701836135529
"1062" 1e+07 10 2 5e+06 0.006513 0.006513 "trench" 2.91485436164176
"1063" 1e+07 10 32 312500 0.006513 0.006513 "trench" 2.91184625029625
"1064" 1e+07 10 4 2500000 0.006513 0.006513 "trench" 2.9186400824544
"1065" 1e+07 10 512 19532 0.006513 0.006513 "trench" 2.96635853549811
"1066" 1e+07 10 64 156250 0.006513 0.006513 "trench" 2.9096125658661
"1067" 1e+07 10 8 1250000 0.006513 0.006513 "trench" 2.91250665517007
"1068" 1e+07 20 1024 9766 0.006513 0.006513 "trench" 2.9553271216153
"1069" 1e+07 20 128 78125 0.006513 0.006513 "trench" 3.03617015951079
"1070" 1e+07 20 16 625000 0.006513 0.006513 "trench" 3.04822369194756
"1071" 1e+07 20 1 1e+07 0.006513 0.006513 "trench" 3.04919343618597
"1072" 1e+07 20 256 39063 0.006513 0.006513 "trench" 3.02944373790771
"1073" 1e+07 20 2 5e+06 0.006513 0.006513 "trench" 3.04478086682539
"1074" 1e+07 20 32 312500 0.006513 0.006513 "trench" 3.03984268423758
"1075" 1e+07 20 4 2500000 0.006513 0.006513 "trench" 3.04485228155184
"1076" 1e+07 20 512 19532 0.006513 0.006513 "trench" 2.95765730944795
"1077" 1e+07 20 64 156250 0.006513 0.006513 "trench" 3.04992951016254
"1078" 1e+07 20 8 1250000 0.006513 0.006513 "trench" 3.03507658794378
"1079" 1e+07 30 1024 9766 0.006513 0.006513 "trench" 2.81492224299258
"1080" 1e+07 30 128 78125 0.006513 0.006513 "trench" 2.92549162504742
"1081" 1e+07 30 16 625000 0.006513 0.006513 "trench" 2.93158425017284
"1082" 1e+07 30 1 1e+07 0.006513 0.006513 "trench" 2.9236552604929
"1083" 1e+07 30 256 39063 0.006513 0.006513 "trench" 2.93170997195417
"1084" 1e+07 30 2 5e+06 0.006513 0.006513 "trench" 2.92482824479934
"1085" 1e+07 30 32 312500 0.006513 0.006513 "trench" 2.92958042870165
"1086" 1e+07 30 4 2500000 0.006513 0.006513 "trench" 2.91416693941631
"1087" 1e+07 30 512 19532 0.006513 0.006513 "trench" 2.93521180053019
"1088" 1e+07 30 64 156250 0.006513 0.006513 "trench" 2.92622231766716
"1089" 1e+07 30 8 1250000 0.006513 0.006513 "trench" 2.9216130446126
"1090" 1e+07 40 1024 9766 0.006513 0.006513 "trench" 2.87634896415712
"1091" 1e+07 40 128 78125 0.006513 0.006513 "trench" 2.9533081498437
"1092" 1e+07 40 16 625000 0.006513 0.006513 "trench" 2.97204110632047
"1093" 1e+07 40 1 1e+07 0.006513 0.006513 "trench" 2.96703804028207
"1094" 1e+07 40 256 39063 0.006513 0.006513 "trench" 2.97828660497553
"1095" 1e+07 40 2 5e+06 0.006513 0.006513 "trench" 2.96823769112084
"1096" 1e+07 40 32 312500 0.006513 0.006513 "trench" 2.97071356390725
"1097" 1e+07 40 4 2500000 0.006513 0.006513 "trench" 2.9730984160589
"1098" 1e+07 40 512 19532 0.006513 0.006513 "trench" 2.87119472301375
"1099" 1e+07 40 64 156250 0.006513 0.006513 "trench" 2.96157293895929
"1100" 1e+07 40 8 1250000 0.006513 0.006513 "trench" 2.9438366781001
"1101" 1e+06 10 1024 977 0.06513 0.06513 "trench" 2.18642766666568
"1102" 1e+06 10 128 7813 0.06513 0.06513 "trench" 2.18642766666568
"1103" 1e+06 10 16 62500 0.06513 0.06513 "trench" 2.18642766666568
"1104" 1e+06 10 1 1e+06 0.06513 0.06513 "trench" 2.18642766666568
"1105" 1e+06 10 256 3907 0.06513 0.06513 "trench" 2.18642766666568
"1106" 1e+06 10 2 5e+05 0.06513 0.06513 "trench" 2.18642766666568
"1107" 1e+06 10 32 31250 0.06513 0.06513 "trench" 2.18642766666568
"1108" 1e+06 10 4 250000 0.06513 0.06513 "trench" 2.18642766666568
"1109" 1e+06 10 512 1954 0.06513 0.06513 "trench" 2.18642766666568
"1110" 1e+06 10 64 15625 0.06513 0.06513 "trench" 2.18642766666568
"1111" 1e+06 10 8 125000 0.06513 0.06513 "trench" 2.18642766666568
"1112" 1e+06 20 1024 977 0.06513 0.06513 "trench" 2.18642766666568
"1113" 1e+06 20 128 7813 0.06513 0.06513 "trench" 2.18642766666568
"1114" 1e+06 20 16 62500 0.06513 0.06513 "trench" 2.18642766666568
"1115" 1e+06 20 1 1e+06 0.06513 0.06513 "trench" 2.18642766666568
"1116" 1e+06 20 256 3907 0.06513 0.06513 "trench" 2.18642766666568
"1117" 1e+06 20 2 5e+05 0.06513 0.06513 "trench" 2.18642766666568
"1118" 1e+06 20 32 31250 0.06513 0.06513 "trench" 2.18642766666568
"1119" 1e+06 20 4 250000 0.06513 0.06513 "trench" 2.18642766666568
"1120" 1e+06 20 512 1954 0.06513 0.06513 "trench" 2.18642766666568
"1121" 1e+06 20 64 15625 0.06513 0.06513 "trench" 2.18642766666568
"1122" 1e+06 20 8 125000 0.06513 0.06513 "trench" 2.18642766666568
"1123" 1e+06 30 1024 977 0.06513 0.06513 "trench" 2.18642766666568
"1124" 1e+06 30 128 7813 0.06513 0.06513 "trench" 2.18642766666568
"1125" 1e+06 30 16 62500 0.06513 0.06513 "trench" 2.18642766666568
"1126" 1e+06 30 1 1e+06 0.06513 0.06513 "trench" 2.18642766666568
"1127" 1e+06 30 256 3907 0.06513 0.06513 "trench" 2.18642766666568
"1128" 1e+06 30 2 5e+05 0.06513 0.06513 "trench" 2.18642766666568
"1129" 1e+06 30 32 31250 0.06513 0.06513 "trench" 2.18642766666568
"1130" 1e+06 30 4 250000 0.06513 0.06513 "trench" 2.18642766666568
"1131" 1e+06 30 512 1954 0.06513 0.06513 "trench" 2.18642766666568
"1132" 1e+06 30 64 15625 0.06513 0.06513 "trench" 2.18642766666568
"1133" 1e+06 30 8 125000 0.06513 0.06513 "trench" 2.18642766666568
"1134" 1e+06 40 1024 977 0.06513 0.06513 "trench" 2.18642766666568
"1135" 1e+06 40 128 7813 0.06513 0.06513 "trench" 2.18642766666568
"1136" 1e+06 40 16 62500 0.06513 0.06513 "trench" 2.18642766666568
"1137" 1e+06 40 1 1e+06 0.06513 0.06513 "trench" 2.18642766666568
"1138" 1e+06 40 256 3907 0.06513 0.06513 "trench" 2.18642766666568
"1139" 1e+06 40 2 5e+05 0.06513 0.06513 "trench" 2.18642766666568
"1140" 1e+06 40 32 31250 0.06513 0.06513 "trench" 2.18642766666568
"1141" 1e+06 40 4 250000 0.06513 0.06513 "trench" 2.18642766666568
"1142" 1e+06 40 512 1954 0.06513 0.06513 "trench" 2.18642766666568
"1143" 1e+06 40 64 15625 0.06513 0.06513 "trench" 2.18642766666568
"1144" 1e+06 40 8 125000 0.06513 0.06513 "trench" 2.18642766666568
"1145" 1e+05 10 1024 98 0.6513 0.6513 "trench" 2.18642766666568
"1146" 1e+05 10 128 782 0.6513 0.6513 "trench" 2.18642766666568
"1147" 1e+05 10 16 6250 0.6513 0.6513 "trench" 2.18642766666568
"1148" 1e+05 10 1 1e+05 0.6513 0.6513 "trench" 2.18642766666568
"1149" 1e+05 10 256 391 0.6513 0.6513 "trench" 2.18642766666568
"1150" 1e+05 10 2 50000 0.6513 0.6513 "trench" 2.18642766666568
"1151" 1e+05 10 32 3125 0.6513 0.6513 "trench" 2.18642766666568
"1152" 1e+05 10 4 25000 0.6513 0.6513 "trench" 2.18642766666568
"1153" 1e+05 10 512 196 0.6513 0.6513 "trench" 2.18642766666568
"1154" 1e+05 10 64 1563 0.6513 0.6513 "trench" 2.18642766666568
"1155" 1e+05 10 8 12500 0.6513 0.6513 "trench" 2.18642766666568
"1156" 1e+05 20 1024 98 0.6513 0.6513 "trench" 2.18642766666568
"1157" 1e+05 20 128 782 0.6513 0.6513 "trench" 2.18642766666568
"1158" 1e+05 20 16 6250 0.6513 0.6513 "trench" 2.18642766666568
"1159" 1e+05 20 1 1e+05 0.6513 0.6513 "trench" 2.18642766666568
"1160" 1e+05 20 256 391 0.6513 0.6513 "trench" 2.18642766666568
"1161" 1e+05 20 2 50000 0.6513 0.6513 "trench" 2.18642766666568
"1162" 1e+05 20 32 3125 0.6513 0.6513 "trench" 2.18642766666568
"1163" 1e+05 20 4 25000 0.6513 0.6513 "trench" 2.18642766666568
"1164" 1e+05 20 512 196 0.6513 0.6513 "trench" 2.18642766666568
"1165" 1e+05 20 64 1563 0.6513 0.6513 "trench" 2.18642766666568
"1166" 1e+05 20 8 12500 0.6513 0.6513 "trench" 2.18642766666568
"1167" 1e+05 30 1024 98 0.6513 0.6513 "trench" 2.18642766666568
"1168" 1e+05 30 128 782 0.6513 0.6513 "trench" 2.18642766666568
"1169" 1e+05 30 16 6250 0.6513 0.6513 "trench" 2.18642766666568
"1170" 1e+05 30 1 1e+05 0.6513 0.6513 "trench" 2.18642766666568
"1171" 1e+05 30 256 391 0.6513 0.6513 "trench" 2.18642766666568
"1172" 1e+05 30 2 50000 0.6513 0.6513 "trench" 2.18642766666568
"1173" 1e+05 30 32 3125 0.6513 0.6513 "trench" 2.18642766666568
"1174" 1e+05 30 4 25000 0.6513 0.6513 "trench" 2.18642766666568
"1175" 1e+05 30 512 196 0.6513 0.6513 "trench" 2.18642766666568
"1176" 1e+05 30 64 1563 0.6513 0.6513 "trench" 2.18642766666568
"1177" 1e+05 30 8 12500 0.6513 0.6513 "trench" 2.18642766666568
"1178" 1e+05 40 1024 98 0.6513 0.6513 "trench" 2.18642766666568
"1179" 1e+05 40 128 782 0.6513 0.6513 "trench" 2.18642766666568
"1180" 1e+05 40 16 6250 0.6513 0.6513 "trench" 2.18642766666568
"1181" 1e+05 40 1 1e+05 0.6513 0.6513 "trench" 2.18642766666568
"1182" 1e+05 40 256 391 0.6513 0.6513 "trench" 2.18642766666568
"1183" 1e+05 40 2 50000 0.6513 0.6513 "trench" 2.18642766666568
"1184" 1e+05 40 32 3125 0.6513 0.6513 "trench" 2.18642766666568
"1185" 1e+05 40 4 25000 0.6513 0.6513 "trench" 2.18642766666568
"1186" 1e+05 40 512 196 0.6513 0.6513 "trench" 2.18642766666568
"1187" 1e+05 40 64 1563 0.6513 0.6513 "trench" 2.18642766666568
"1188" 1e+05 40 8 12500 0.6513 0.6513 "trench" 2.18642766666568
"1189" 2e+07 10 1024 19532 0.0032565 0.0032565 "trench" 2.79797464477814
"1190" 2e+07 10 128 156250 0.0032565 0.0032565 "trench" 2.80345395920861
"1191" 2e+07 10 16 1250000 0.0032565 0.0032565 "trench" 2.7545149952574
"1192" 2e+07 10 1 2e+07 0.0032565 0.0032565 "trench" 2.8006974402854
"1193" 2e+07 10 256 78125 0.0032565 0.0032565 "trench" 2.79471244311786
"1194" 2e+07 10 2 1e+07 0.0032565 0.0032565 "trench" 2.80355586017857
"1195" 2e+07 10 32 625000 0.0032565 0.0032565 "trench" 2.77191577645436
"1196" 2e+07 10 4 5e+06 0.0032565 0.0032565 "trench" 2.79620551655388
"1197" 2e+07 10 512 39063 0.0032565 0.0032565 "trench" 2.73481456201423
"1198" 2e+07 10 64 312500 0.0032565 0.0032565 "trench" 2.78648255228634
"1199" 2e+07 10 8 2500000 0.0032565 0.0032565 "trench" 2.7836506622302
"1200" 2e+07 20 1024 19532 0.0032565 0.0032565 "trench" 2.99864396798014
"1201" 2e+07 20 128 156250 0.0032565 0.0032565 "trench" 2.91408649947138
"1202" 2e+07 20 16 1250000 0.0032565 0.0032565 "trench" 2.93990871332245
"1203" 2e+07 20 1 2e+07 0.0032565 0.0032565 "trench" 2.9463713530267
"1204" 2e+07 20 256 78125 0.0032565 0.0032565 "trench" 2.93027879658225
"1205" 2e+07 20 2 1e+07 0.0032565 0.0032565 "trench" 2.94616298849969
"1206" 2e+07 20 32 625000 0.0032565 0.0032565 "trench" 2.94472729963309
"1207" 2e+07 20 4 5e+06 0.0032565 0.0032565 "trench" 2.94266231534172
"1208" 2e+07 20 512 39063 0.0032565 0.0032565 "trench" 2.91905833682414
"1209" 2e+07 20 64 312500 0.0032565 0.0032565 "trench" 2.94124587286458
"1210" 2e+07 20 8 2500000 0.0032565 0.0032565 "trench" 2.93937102483039
"1211" 2e+07 30 1024 19532 0.0032565 0.0032565 "trench" 2.92330369288839
"1212" 2e+07 30 128 156250 0.0032565 0.0032565 "trench" 2.86535032210284
"1213" 2e+07 30 16 1250000 0.0032565 0.0032565 "trench" 2.87654468742379
"1214" 2e+07 30 1 2e+07 0.0032565 0.0032565 "trench" 2.87721240663035
"1215" 2e+07 30 256 78125 0.0032565 0.0032565 "trench" 2.85444891075583
"1216" 2e+07 30 2 1e+07 0.0032565 0.0032565 "trench" 2.87684870509987
"1217" 2e+07 30 32 625000 0.0032565 0.0032565 "trench" 2.87221733486448
"1218" 2e+07 30 4 5e+06 0.0032565 0.0032565 "trench" 2.87642299214767
"1219" 2e+07 30 512 39063 0.0032565 0.0032565 "trench" 2.80770486006408
"1220" 2e+07 30 64 312500 0.0032565 0.0032565 "trench" 2.8737000944614
"1221" 2e+07 30 8 2500000 0.0032565 0.0032565 "trench" 2.87531508200385
"1222" 2e+07 40 1024 19532 0.0032565 0.0032565 "trench" 2.93287366853843
"1223" 2e+07 40 128 156250 0.0032565 0.0032565 "trench" 2.96441333523999
"1224" 2e+07 40 16 1250000 0.0032565 0.0032565 "trench" 2.97118277168555
"1225" 2e+07 40 1 2e+07 0.0032565 0.0032565 "trench" 2.96166163143975
"1226" 2e+07 40 256 78125 0.0032565 0.0032565 "trench" 2.96785238887711
"1227" 2e+07 40 2 1e+07 0.0032565 0.0032565 "trench" 2.96085403885327
"1228" 2e+07 40 32 625000 0.0032565 0.0032565 "trench" 2.97730204521974
"1229" 2e+07 40 4 5e+06 0.0032565 0.0032565 "trench" 2.96353011852061
"1230" 2e+07 40 512 39063 0.0032565 0.0032565 "trench" 2.92142967935441
"1231" 2e+07 40 64 312500 0.0032565 0.0032565 "trench" 2.97804528641222
"1232" 2e+07 40 8 2500000 0.0032565 0.0032565 "trench" 2.96589548216879
"1233" 5e+06 10 1024 4883 0.013026 0.013026 "trench" 2.18642766666568
"1234" 5e+06 10 128 39063 0.013026 0.013026 "trench" 2.18642766666568
"1235" 5e+06 10 16 312500 0.013026 0.013026 "trench" 2.18642766666568
"1236" 5e+06 10 1 5e+06 0.013026 0.013026 "trench" 2.18642766666568
"1237" 5e+06 10 256 19532 0.013026 0.013026 "trench" 2.18642766666568
"1238" 5e+06 10 2 2500000 0.013026 0.013026 "trench" 2.18642766666568
"1239" 5e+06 10 32 156250 0.013026 0.013026 "trench" 2.18642766666568
"1240" 5e+06 10 4 1250000 0.013026 0.013026 "trench" 2.18642766666568
"1241" 5e+06 10 512 9766 0.013026 0.013026 "trench" 2.18642766666568
"1242" 5e+06 10 64 78125 0.013026 0.013026 "trench" 2.18642766666568
"1243" 5e+06 10 8 625000 0.013026 0.013026 "trench" 2.18642766666568
"1244" 5e+06 20 1024 4883 0.013026 0.013026 "trench" 2.18642766666568
"1245" 5e+06 20 128 39063 0.013026 0.013026 "trench" 2.18642766666568
"1246" 5e+06 20 16 312500 0.013026 0.013026 "trench" 2.18642766666568
"1247" 5e+06 20 1 5e+06 0.013026 0.013026 "trench" 2.18642766666568
"1248" 5e+06 20 256 19532 0.013026 0.013026 "trench" 2.18642766666568
"1249" 5e+06 20 2 2500000 0.013026 0.013026 "trench" 2.18642766666568
"1250" 5e+06 20 32 156250 0.013026 0.013026 "trench" 2.18642766666568
"1251" 5e+06 20 4 1250000 0.013026 0.013026 "trench" 2.18642766666568
"1252" 5e+06 20 512 9766 0.013026 0.013026 "trench" 2.18642766666568
"1253" 5e+06 20 64 78125 0.013026 0.013026 "trench" 2.18642766666568
"1254" 5e+06 20 8 625000 0.013026 0.013026 "trench" 2.18642766666568
"1255" 5e+06 30 1024 4883 0.013026 0.013026 "trench" 3.10338223725882
"1256" 5e+06 30 128 39063 0.013026 0.013026 "trench" 3.01399015561387
"1257" 5e+06 30 16 312500 0.013026 0.013026 "trench" 2.94166183290575
"1258" 5e+06 30 1 5e+06 0.013026 0.013026 "trench" 2.93443904122394
"1259" 5e+06 30 256 19532 0.013026 0.013026 "trench" 3.03801528480203
"1260" 5e+06 30 2 2500000 0.013026 0.013026 "trench" 2.93621275600699
"1261" 5e+06 30 32 156250 0.013026 0.013026 "trench" 2.94809366819874
"1262" 5e+06 30 4 1250000 0.013026 0.013026 "trench" 2.94041563384216
"1263" 5e+06 30 512 9766 0.013026 0.013026 "trench" 3.04818998745642
"1264" 5e+06 30 64 78125 0.013026 0.013026 "trench" 2.96738886615935
"1265" 5e+06 30 8 625000 0.013026 0.013026 "trench" 2.94249560824626
"1266" 5e+06 40 1024 4883 0.013026 0.013026 "trench" 2.83357745804554
"1267" 5e+06 40 128 39063 0.013026 0.013026 "trench" 2.73234804314757
"1268" 5e+06 40 16 312500 0.013026 0.013026 "trench" 2.84820843362894
"1269" 5e+06 40 1 5e+06 0.013026 0.013026 "trench" 2.85863956874152
"1270" 5e+06 40 256 19532 0.013026 0.013026 "trench" 2.85876416516475
"1271" 5e+06 40 2 2500000 0.013026 0.013026 "trench" 2.7759345876076
"1272" 5e+06 40 32 156250 0.013026 0.013026 "trench" 2.87066403054567
"1273" 5e+06 40 4 1250000 0.013026 0.013026 "trench" 2.8641494426019
"1274" 5e+06 40 512 9766 0.013026 0.013026 "trench" 2.79324643390613
"1275" 5e+06 40 64 78125 0.013026 0.013026 "trench" 2.8043104609558
"1276" 5e+06 40 8 625000 0.013026 0.013026 "trench" 2.79204055400574
"1277" 5e+05 10 1024 489 0.13026 0.13026 "trench" 2.18642766666568
"1278" 5e+05 10 128 3907 0.13026 0.13026 "trench" 2.18642766666568
"1279" 5e+05 10 16 31250 0.13026 0.13026 "trench" 2.18642766666568
"1280" 5e+05 10 1 5e+05 0.13026 0.13026 "trench" 2.18642766666568
"1281" 5e+05 10 256 1954 0.13026 0.13026 "trench" 2.18642766666568
"1282" 5e+05 10 2 250000 0.13026 0.13026 "trench" 2.18642766666568
"1283" 5e+05 10 32 15625 0.13026 0.13026 "trench" 2.18642766666568
"1284" 5e+05 10 4 125000 0.13026 0.13026 "trench" 2.18642766666568
"1285" 5e+05 10 512 977 0.13026 0.13026 "trench" 2.18642766666568
"1286" 5e+05 10 64 7813 0.13026 0.13026 "trench" 2.18642766666568
"1287" 5e+05 10 8 62500 0.13026 0.13026 "trench" 2.18642766666568
"1288" 5e+05 20 1024 489 0.13026 0.13026 "trench" 2.18642766666568
"1289" 5e+05 20 128 3907 0.13026 0.13026 "trench" 2.18642766666568
"1290" 5e+05 20 16 31250 0.13026 0.13026 "trench" 2.18642766666568
"1291" 5e+05 20 1 5e+05 0.13026 0.13026 "trench" 2.18642766666568
"1292" 5e+05 20 256 1954 0.13026 0.13026 "trench" 2.18642766666568
"1293" 5e+05 20 2 250000 0.13026 0.13026 "trench" 2.18642766666568
"1294" 5e+05 20 32 15625 0.13026 0.13026 "trench" 2.18642766666568
"1295" 5e+05 20 4 125000 0.13026 0.13026 "trench" 2.18642766666568
"1296" 5e+05 20 512 977 0.13026 0.13026 "trench" 2.18642766666568
"1297" 5e+05 20 64 7813 0.13026 0.13026 "trench" 2.18642766666568
"1298" 5e+05 20 8 62500 0.13026 0.13026 "trench" 2.18642766666568
"1299" 5e+05 30 1024 489 0.13026 0.13026 "trench" 2.18642766666568
"1300" 5e+05 30 128 3907 0.13026 0.13026 "trench" 2.18642766666568
"1301" 5e+05 30 16 31250 0.13026 0.13026 "trench" 2.18642766666568
"1302" 5e+05 30 1 5e+05 0.13026 0.13026 "trench" 2.18642766666568
"1303" 5e+05 30 256 1954 0.13026 0.13026 "trench" 2.18642766666568
"1304" 5e+05 30 2 250000 0.13026 0.13026 "trench" 2.18642766666568
"1305" 5e+05 30 32 15625 0.13026 0.13026 "trench" 2.18642766666568
"1306" 5e+05 30 4 125000 0.13026 0.13026 "trench" 2.18642766666568
"1307" 5e+05 30 512 977 0.13026 0.13026 "trench" 2.18642766666568
"1308" 5e+05 30 64 7813 0.13026 0.13026 "trench" 2.18642766666568
"1309" 5e+05 30 8 62500 0.13026 0.13026 "trench" 2.18642766666568
"1310" 5e+05 40 1024 489 0.13026 0.13026 "trench" 2.18642766666568
"1311" 5e+05 40 128 3907 0.13026 0.13026 "trench" 2.18642766666568
"1312" 5e+05 40 16 31250 0.13026 0.13026 "trench" 2.18642766666568
"1313" 5e+05 40 1 5e+05 0.13026 0.13026 "trench" 2.18642766666568
"1314" 5e+05 40 256 1954 0.13026 0.13026 "trench" 2.18642766666568
"1315" 5e+05 40 2 250000 0.13026 0.13026 "trench" 2.18642766666568
"1316" 5e+05 40 32 15625 0.13026 0.13026 "trench" 2.18642766666568
"1317" 5e+05 40 4 125000 0.13026 0.13026 "trench" 2.18642766666568
"1318" 5e+05 40 512 977 0.13026 0.13026 "trench" 2.18642766666568
"1319" 5e+05 40 64 7813 0.13026 0.13026 "trench" 2.18642766666568
"1320" 5e+05 40 8 62500 0.13026 0.13026 "trench" 2.18642766666568
